0.232252 1.06364 2.24957 2.77976 0.583915 -0.77984 -1.17376 -2.66285 -0.287138 1.15504 -0.843891 -1.26452 -0.714666 0.990206 0.178724 0.978579 1.89064 -0.161686 0.114027 -0.76533 -1.07757 -0.654389 -0.478909 0.551246 1.0628 0.28193 0.930664 -2.95402 2.29363 0.225338 1.35732 -0.396197 
0.374408 1.91339 -0.792318 2.02991 -1.35763 0.0373241 1.52772 -0.845503 -3.72686 -0.139173 -2.00613 -1.32566 2.81243 0.186609 -1.66537 0.309291 0.388065 -0.0576827 1.76331 -0.188104 -1.32534 1.51169 -1.89813 -1.52168 1.7495 -1.07292 -1.14685 -0.0736593 1.15753 1.42261 1.4905 1.83324 
0.342324 -0.607524 0.603187 -3.08971 -0.746987 0.856117 1.55768 -1.11964 0.476568 -0.828159 1.98518 -1.97221 0.614631 0.796399 1.44483 0.0821413 -0.964853 0.480366 2.1367 -0.497962 -0.248084 -0.299012 -0.0523186 -1.27045 0.0721259 1.15376 2.01882 -2.17838 0.0294233 -0.976067 -2.80885 2.96965 
2.34759 0.465716 -2.0608 1.67202 1.30372 -3.07995 1.7384 0.859783 0.443546 0.425456 1.385 0.410314 -0.0996484 -0.522253 1.08056 -1.07465 0.0140752 -0.760404 -0.752639 0.732328 -1.56487 0.823727 1.7572 -1.07461 -0.966375 -1.36605 0.0155343 0.0144544 -0.194459 1.46874 -0.441491 -1.05614 
0.939872 -2.73602 -1.01487 -0.0358401 -3.01715 -0.441153 0.532668 0.643181 2.13467 1.12758 -3.32712 1.0974 0.961739 -0.539927 -0.415563 -1.00179 -0.910186 -0.0962632 0.161596 -2.40619 0.156814 1.29575 0.662106 0.235725 1.44579 1.43443 1.92408 1.57312 0.558223 1.80675 -0.694264 0.277597 
2.04869 1.34491 0.625854 1.35672 -0.331601 0.215425 2.22422 -1.71865 0.817931 0.984136 -2.69466 1.34691 -2.57878 1.333 2.77524 2.19278 2.47954 1.83016 -2.14097 1.95698 -0.654057 -0.827432 0.534474 -0.710908 -0.324748 0.417451 1.65449 -0.126715 -2.40308 2.03775 1.77169 -2.06953 
2.02221 -1.22098 -1.85039 -1.03116 1.34704 -0.45249 0.58634 1.83956 2.16889 -1.06159 -1.96902 -0.602981 -1.91758 -0.545888 1.63573 -0.104901 0.0918809 0.975382 -1.09643 0.363128 -0.892209 1.80641 0.651674 2.30273 -1.08809 0.314895 -0.922843 2.98077 -0.970135 -1.20034 1.69494 1.64502 
-0.424853 -1.78651 2.04462 1.10395 1.38844 -2.84551 2.00879 1.70577 -0.652442 -1.67572 1.15153 1.80696 1.27804 -0.178943 -3.10086 -0.301882 0.677496 1.62936 -1.2899 -0.0487013 -0.296629 -1.05241 0.0802457 -1.6573 -0.548357 2.63396 0.292 -2.76508 0.529127 -1.64029 0.243613 0.790501 
-0.588686 -1.95764 1.61152 -1.66946 -1.52208 1.88434 -1.92166 0.533518 -0.719026 1.39481 -2.18646 -1.4553 0.0560281 1.20796 0.595034 1.11703 -0.010955 -0.24644 1.41264 1.26096 1.62141 1.02487 -0.636338 0.881343 3.0142 -0.465273 0.344386 -1.4102 0.0384691 0.132135 -3.34432 2.75604 
2.40603 2.47962 0.279684 -0.282993 -2.40064 -2.08859 -1.02255 1.14278 2.08925 3.09393 1.28316 -0.801832 -1.5998 1.33085 0.702783 0.0986638 -0.690822 -0.256408 -0.57781 -0.248597 1.1024 3.27289 0.521363 -0.192898 1.89826 -0.812218 0.192935 0.345374 0.833825 3.29027 -0.917527 -0.518408 
-2.18298 1.62175 0.285588 -3.23919 -1.70589 1.91553 1.66402 -1.02113 2.18874 -1.73882 -1.28043 1.94231 2.0637 -0.217745 -0.390316 -1.80338 2.41545 -0.872659 -0.894951 0.397697 -0.953997 -0.323487 -1.47824 -0.458761 1.74364 -0.728096 -1.26387 -0.0339597 0.170395 1.22166 0.75214 0.0489056 
0.78784 0.648865 -1.7261 0.206041 -0.905581 1.44273 -1.15102 0.302577 -1.91397 -2.36418 0.679751 -0.502024 -0.0749915 1.05427 0.0174606 0.594287 0.0494329 0.284802 0.928102 -0.212537 -0.268153 -2.06883 -1.07406 -0.115391 -0.500755 0.751515 1.89718 -0.185701 -0.955782 1.08472 1.04674 1.48243 
0.872255 1.98987 0.781375 -0.212294 1.04951 -2.09045 -0.102698 -1.06337 -1.20871 1.30807 -0.346564 1.55802 0.0501004 -0.416516 0.798034 2.1975 -0.549903 -0.794956 1.52248 3.04411 0.604095 -2.77119 -0.238837 2.18234 -0.642192 1.51769 2.36735 0.0450586 0.285343 0.0774756 -0.14432 -0.579325 
2.81729 -0.170633 0.722287 -1.6288 -2.16688 1.28786 -1.43174 -0.397659 -1.44328 -1.0045 1.41731 2.02987 1.77453 0.934891 0.890262 -0.357393 0.678055 -0.910309 1.43355 1.23944 1.02373 -0.84535 1.30211 -1.17253 0.391617 0.130587 0.836875 -0.815208 -2.75464 0.209967 1.19398 0.568671 
-0.428239 -2.90213 -2.2148 1.68958 1.07291 1.45731 -0.364318 0.953522 1.62293 -1.62485 -2.03447 0.1759 3.32237 2.00105 -1.9204 -1.70022 -0.977359 0.516288 0.100914 2.09111 1.17443 1.96359 0.412435 3.18379 -0.222906 -0.71422 0.770439 -1.30236 -1.83929 -2.30649 -2.24541 -0.635742 
1.34911 0.785361 -0.735296 1.19349 -0.0196091 2.94879 -0.698512 -0.206979 1.29726 -1.33425 -0.497518 -0.254212 -2.44319 2.47024 -0.0113779 -1.24332 -2.60639 2.58599 0.563259 0.398707 -0.877753 -0.362994 -3.80777 -0.689865 0.361714 -1.54333 -2.55634 -0.825466 2.2648 2.4036 -0.833691 1.11942 
-1.86165 0.435082 0.465895 -2.0156 2.09431 2.1507 -0.825846 3.62776 0.424809 0.554598 2.30202 0.586236 2.19003 -0.254745 -0.195657 -0.122286 1.35426 -2.3551 1.14035 0.464447 -0.174709 2.29737 1.18951 1.4482 -1.00588 -0.203661 1.2599 -2.67056 -1.21915 0.399183 -0.16073 -1.45041 
0.901661 0.282239 2.07659 2.50086 2.88194 1.07525 -0.548083 1.7215 -1.93176 1.23113 -1.61843 1.88914 0.722222 0.0428127 -2.15841 -2.85441 -1.6387 0.544431 0.709355 0.192161 2.26058 -0.0712493 -0.186166 -0.618505 -2.28346 -3.66543 -1.67568 1.42243 3.24155 0.573895 2.8583 -0.843348 
-1.25518 -0.126699 -0.0945595 -0.785148 0.320604 1.12262 0.33163 0.471921 -1.54006 -1.77801 1.7269 0.624701 -0.971184 1.47351 -0.175217 0.793595 -0.785131 0.673921 1.80048 -0.967662 0.40318 1.37097 -1.30732 0.0435635 -0.572797 -0.145377 -0.986793 2.18236 -2.07915 -0.500933 0.305092 0.849977 
0.647966 0.466733 1.01956 0.0709549 0.37745 -0.654887 0.336099 -0.951387 1.59464 -2.1361 -1.71022 -0.590633 -0.479656 1.54646 -0.474749 0.911878 0.819224 2.02457 -0.398971 -3.03176 -1.20503 -0.991529 -2.1052 0.389649 0.475222 -1.87838 -0.736593 1.22573 0.941616 1.53167 0.830204 1.19705 
-2.14997 0.362073 -0.452653 -0.110931 -0.671238 -0.42945 -1.8574 0.0345954 -3.14914 1.29558 -3.88633 0.513256 -0.240271 -0.683681 -1.20289 1.76431 0.877655 -0.724452 1.69262 0.746123 -0.464272 -2.06673 1.27217 0.264817 0.726432 2.21083 1.72727 -0.0625263 -1.26385 0.688537 1.47586 -0.436301 
-0.102157 -3.27672 -0.223475 1.89788 -1.06499 -1.20976 1.43658 -3.43719 -0.728921 -1.29027 2.836 -0.216104 -0.0331845 -1.53354 3.2867 2.27033 0.964147 0.589184 -1.99619 -3.63234 0.181922 -1.22224 -1.59376 1.92167 0.0843088 0.145259 -2.75833 1.0164 1.38116 -1.62187 1.70168 1.2267 
2.97345 1.85227 -2.23626 -0.974198 -0.785248 -2.35283 -0.132234 0.81781 -1.05329 -0.304689 1.07111 -1.28969 -0.315392 0.827653 -0.254544 -1.69024 -0.14211 -0.346289 -1.90049 -0.359262 1.24307 -3.40226 0.0854672 -1.8626 -1.81618 1.52362 1.45405 -0.913954 -1.52879 0.596764 0.628679 0.566476 
-2.42493 -2.1297 -1.94821 -2.26229 1.17784 -0.671483 1.13292 2.44801 0.314731 -0.208115 -0.0335579 0.0019052 0.575117 0.945701 0.354522 0.445081 -1.93293 1.88933 0.603766 1.00682 -1.27937 -3.20367 -1.29341 2.2546 -1.26509 1.15194 0.710565 -2.29514 -2.08848 0.0208234 1.38193 -0.285219 
-3.50121 -1.16241 0.0670366 0.654869 -1.39065 0.949226 1.02911 1.73536 -0.343188 -0.489834 0.741237 2.30597 0.663749 1.02783 -0.0422221 0.736533 -0.0501119 -1.5278 -3.15918 0.20126 -2.32356 0.962211 -0.86745 0.276309 2.13917 0.433293 -0.0411473 -0.87461 -3.60209 1.25469 0.37492 1.58915 
-1.56262 0.843642 1.72049 -0.372157 -1.3149 -0.144479 0.248557 -0.764865 1.28049 2.03395 3.05983 -2.15662 -1.51486 0.102108 -2.87445 3.36964 -0.337199 -0.485919 2.50895 0.784856 -0.018069 -1.95714 -1.25581 0.187224 0.957384 -0.324843 -0.220236 0.630691 1.75643 0.323419 -1.30723 0.0303318 
2.31308 1.33854 0.540571 -0.573226 0.0222356 -0.317373 0.151762 2.08495 1.53264 -4.03117 -1.14399 2.41965 2.46209 -1.99774 -2.41551 0.237854 -2.1102 0.227692 -0.556892 0.546052 -1.24683 -1.20904 -2.039 1.73115 -2.0683 -3.03349 -1.27448 1.14679 2.88938 0.285348 -1.74996 0.996367 
0.474948 0.249571 -1.55904 0.51739 -0.848903 0.406303 0.559622 -0.491368 -1.45163 -1.99374 -0.223821 -0.236411 0.459847 -0.604537 3.72273 0.665496 -1.39945 0.205463 -0.735537 0.567712 1.04618 -0.994569 -0.783572 -1.90701 -1.11059 1.65681 -2.34296 0.872054 -3.47222 3.15785 1.06423 -0.0682977 
1.29439 -0.480051 3.22854 1.40541 0.794446 0.58134 -2.17209 -1.1808 0.350949 -1.39926 -1.28347 0.613319 0.824176 -1.18438 0.549769 1.93371 4.85342 0.338227 -0.815868 0.79814 -1.18784 2.01438 -0.062162 0.00180691 0.931994 -0.486003 -2.03365 -1.01027 1.55492 -0.385458 -3.91418 -1.256 
1.98132 0.399159 -3.10143 -1.37747 -0.229035 0.530457 0.637225 -0.927957 1.73704 0.233203 0.12416 2.88828 1.85127 -2.49077 -0.674463 2.75204 -0.0415221 -0.607435 -0.848495 -0.947009 -0.815567 0.251952 0.0859092 -0.361966 1.75587 -1.29161 -0.0912308 2.36773 0.0666342 -1.46857 1.16989 2.29947 
0.0268436 1.83323 1.09116 1.25605 -2.02633 -0.633779 1.72011 -1.95266 -0.765065 -0.248534 1.14415 2.25051 -0.956191 0.172706 1.01417 -1.46348 -0.848957 0.571528 -0.336499 1.8486 2.08731 1.09455 -0.939734 2.99668 1.12742 2.69159 2.70741 -0.861443 1.60922 -2.45117 1.72473 1.89162 
1.92034 -0.217089 0.467529 -2.19782 -0.317552 2.11863 -1.72825 1.34386 -2.06683 1.97558 -0.0425887 0.398627 1.79727 1.10222 1.23361 -1.91488 1.94589 1.72091 -1.72011 1.68319 1.68694 -0.244109 -1.32976 0.381789 0.48115 -0.305672 1.36609 1.32707 1.19844 0.0612795 0.407402 0.134733 

