8.99608 8.99909 9.73428 9.01331 8.86239 9.62827 8.40923 3.6857 8.97754 8.75713 9.32586 9.85656 8.61056 8.84639 5.27634 9.89226 9.58547 8.92581 9.46507 8.26944 8.91077 8.27665 9.79442 9.61367 9.15156 7.57342 8.74303 6.86368 9.15898 9.78352 8.80441 9.98735 
8.88632 9.88531 9.99379 9.46814 7.32897 9.95104 9.69623 9.31011 6.01011 8.26952 5.92334 9.02496 9.7557 9.82 8.67263 7.16577 8.65353 9.90575 8.83778 7.63491 9.32673 9.86756 9.86582 9.30294 8.34566 9.2802 8.94596 6.65149 9.77168 9.80567 9.48332 8.51944 
9.64169 8.35465 9.30696 9.67334 7.55882 9.5604 9.59625 8.79835 7.86054 9.45152 9.52058 8.95998 7.08909 9.92286 7.24213 9.7795 8.15344 8.71921 9.78512 6.88984 9.38534 8.82233 9.17831 5.10572 9.90821 9.71145 9.97385 9.2926 8.56104 7.66063 8.94624 9.357 
9.01636 9.65161 7.7437 8.93997 9.11861 8.22129 9.99992 9.03629 8.93993 7.75768 7.8785 9.55551 9.96462 7.98674 9.12356 9.09853 8.86934 8.54371 9.66255 9.92936 9.98281 9.8392 8.90527 9.53044 9.21017 9.53598 9.96283 8.32391 9.85786 9.90894 9.47027 8.65232 
8.99193 9.00227 9.2093 9.48746 9.09461 8.21704 9.84753 9.67012 9.76027 9.98865 9.5244 7.98054 8.88918 9.18844 8.34529 9.39155 8.77646 9.329 8.71341 7.73126 9.84958 9.91892 9.91321 9.17921 8.65932 9.36525 8.98051 9.7567 9.71896 9.99385 9.71695 9.239 
9.35061 9.50574 9.46497 9.95831 9.26511 7.79806 9.64289 8.6722 7.90901 9.44321 9.47032 7.64607 9.71848 9.44704 9.86747 9.743 9.49776 9.74311 7.27632 7.47034 8.87817 7.95485 8.61443 6.41882 7.66817 8.19056 9.96439 8.44968 9.38069 9.56082 6.96298 9.34501 
9.3796 9.34962 4.94296 9.57969 9.89203 7.30073 9.44588 9.49753 9.75451 9.56603 9.82707 8.87703 8.96886 8.85646 9.34541 9.69318 9.0406 9.56891 8.15918 8.58503 9.70948 9.44618 9.5971 7.88634 9.85137 9.50822 8.88758 9.90709 9.70204 9.84488 9.94821 9.37672 
9.80045 8.26124 9.36833 9.83746 9.83884 6.80594 8.75273 8.66702 8.8912 7.9269 9.60381 9.45423 9.70337 9.66463 7.6862 9.06602 9.31504 8.67066 9.27658 9.78603 5.84169 9.65807 8.10374 5.90891 9.72324 9.36945 9.24231 6.19271 9.42397 7.78576 8.06729 8.94608 
8.04072 9.03891 9.62598 7.80025 9.4317 7.99423 8.0605 5.97858 8.8465 9.65959 8.66251 7.65697 9.09011 8.61018 9.95159 9.9651 9.05852 9.96645 9.2264 9.81988 9.71236 8.95045 8.94146 8.26016 9.11738 7.92958 8.52262 9.06492 9.41792 9.19521 9.17151 9.76589 
8.93066 9.33644 8.82257 9.55651 7.31326 5.13337 9.73975 9.55843 9.86649 9.39506 9.80706 8.19995 9.89528 9.93408 9.78509 9.72082 8.44726 9.04741 9.93922 9.50641 9.61194 9.74153 9.15178 9.10547 9.32824 8.19184 9.76655 9.15513 9.97109 9.27395 8.49245 4.72923 
8.77266 9.27736 9.50365 7.99706 9.31413 9.58899 9.15197 9.37783 9.86754 9.82039 9.58736 8.85478 8.87181 8.58324 7.68381 8.19161 9.7629 9.48802 9.57047 9.99115 8.82847 7.19609 9.1335 9.67273 9.94808 9.29227 8.16449 8.58178 9.89131 9.66414 9.9665 9.64769 
9.88996 9.32192 9.06809 9.85483 9.87093 8.71457 6.10433 9.99822 7.85724 8.36274 9.01513 7.47104 6.43851 9.37739 8.7937 8.49971 9.82336 9.72674 8.33466 9.01733 9.97276 8.60786 6.5269 9.11261 9.81372 9.73629 9.93749 8.61139 9.70894 9.43941 9.93706 9.16106 
9.66482 9.69592 9.50026 8.0045 9.72647 9.00801 8.55857 9.84493 6.32143 8.76571 9.93489 9.56067 6.6014 9.78382 8.43472 9.86756 9.09091 8.95882 9.71826 9.70946 7.15514 6.7719 9.73697 9.40679 9.95458 9.73903 9.99729 7.84883 9.13452 9.1642 9.3649 7.63926 
8.8673 9.80889 8.99483 6.25123 7.11819 8.95986 9.88024 7.39918 8.82671 8.15753 9.84035 9.2097 9.90468 9.45373 9.38217 8.11322 9.96155 9.31821 9.13767 9.24031 9.39119 9.67743 9.21281 9.81005 9.54816 9.38971 8.67421 7.64932 8.5851 9.80757 9.56668 7.98229 
8.50446 7.4658 4.61948 8.27873 9.84548 8.81371 7.85397 8.56067 8.09906 8.35938 9.18593 9.01386 9.52114 9.49156 9.34896 7.9882 8.27121 9.93137 7.10666 9.51984 9.4163 8.58231 9.93053 8.9369 9.90742 7.31404 9.44027 9.58526 8.36177 8.98067 8.61928 9.64188 
8.24758 9.16108 8.82832 9.82702 8.9264 9.81661 8.63185 9.38895 9.80473 8.56469 8.75656 7.87005 7.71449 9.8635 8.63987 9.35413 4.83192 9.93068 9.97234 6.91634 7.13195 8.71582 8.38648 8.8667 9.4493 9.60917 8.53042 7.45721 9.67614 9.31889 8.40699 8.3282 
9.43206 9.64915 8.05093 9.75327 8.6035 9.91774 9.2419 9.88127 9.95049 8.9935 9.00723 9.63044 9.20964 7.08055 8.12353 9.23672 7.70437 8.39315 8.73971 9.01216 9.85246 9.84618 9.00825 8.64453 8.2881 7.44341 9.32742 8.40999 8.73157 9.28712 9.4465 8.18824 
9.0403 7.23299 9.85154 8.97528 9.18055 9.97021 7.98664 9.85069 8.45004 9.6753 7.74771 9.66688 9.74065 9.67212 9.39021 3.90427 9.1914 9.8512 5.45468 7.04981 9.57735 9.00277 9.60734 9.24822 8.9163 3.58614 9.66413 9.856 9.9145 9.7968 9.6859 9.43757 
6.66123 9.49881 9.29632 9.39448 9.62805 9.00823 9.89902 9.03511 8.99861 8.46179 9.37245 9.10841 7.76671 8.70543 8.69113 9.08856 9.48988 9.0002 9.53106 8.5198 8.77407 9.64824 9.61263 9.4975 7.77162 8.94878 9.52155 9.40935 9.6068 9.23287 9.70424 9.1671 
8.62061 9.81838 9.53361 9.40346 9.57064 9.25562 9.68639 7.58012 9.18609 7.7058 8.537 7.71899 6.97711 9.74705 9.32368 7.32041 9.8088 9.73912 9.27044 8.74043 9.44827 9.39921 7.67017 9.8271 9.90275 7.59893 6.84906 9.7193 8.96096 9.01485 9.61975 9.05725 
8.87631 9.94975 9.6449 8.47886 7.8769 9.81042 6.9491 7.15326 6.71689 9.57285 7.22085 9.28919 6.10568 9.64464 9.89081 9.42372 9.69111 7.66535 9.44487 9.43933 9.67629 8.03452 8.87937 9.92324 9.5718 8.80052 9.78755 8.83322 8.0593 8.5627 8.08867 8.28949 
8.49241 7.37619 9.45208 9.96939 9.36307 9.76171 9.93673 7.82051 9.28146 9.47104 9.5813 5.87491 9.7918 7.7986 9.59925 9.67146 9.00712 9.94337 6.96564 8.04487 9.06126 9.76106 9.33685 9.83535 9.00304 9.25869 8.63157 9.78091 9.76202 7.67094 9.81575 9.40833 
9.51786 9.41305 8.25732 8.64132 8.29494 8.05208 9.97328 9.84592 7.82903 7.78727 9.63558 8.14949 9.28733 9.51653 9.62814 7.63557 9.7876 7.92094 8.11252 9.73723 9.77949 6.16985 8.45265 9.22225 8.4116 9.09156 9.74639 8.57382 8.75195 7.54048 7.36854 7.99414 
7.49208 9.1392 7.48564 9.62136 9.75339 8.36195 8.08888 9.81592 8.79674 8.64992 9.60092 8.18218 9.46602 9.61504 9.81757 9.24949 3.54632 9.48217 7.32586 9.43209 6.52787 9.68544 9.95224 9.09076 6.77051 9.95704 9.86682 6.88158 9.88503 9.13563 9.15782 7.49416 
9.76249 5.59635 8.98539 8.91712 9.39802 9.50556 9.65971 7.33533 9.53697 8.03223 9.69414 8.68107 7.98966 9.89898 9.47605 8.28636 8.90603 8.11276 4.98269 9.43724 9.66458 9.33645 5.15072 8.15292 9.59836 9.74545 9.26655 9.6016 6.24758 7.99075 9.75477 9.09981 
9.24809 9.95651 8.6642 9.70835 9.82934 9.64211 9.34712 6.57891 9.5208 9.85229 9.95725 8.87463 9.72532 9.7223 9.60761 9.59389 9.96872 9.59793 9.76967 8.48256 8.85137 6.67407 7.66652 9.25119 8.10247 8.13422 9.23536 7.96 8.0288 9.94634 9.63263 9.62882 
9.85311 7.7371 8.08901 9.49496 9.86597 6.52365 9.33496 9.87808 8.84527 6.16291 7.40559 8.74582 9.9094 7.3556 9.38858 9.54673 9.50883 8.34523 9.81486 8.73598 8.60856 6.47836 7.76972 8.98589 7.25127 6.97687 9.12035 8.90919 9.56151 9.01451 6.87551 9.91876 
9.59765 9.73593 8.44511 9.68957 9.44504 8.85499 8.87357 8.88978 9.66445 7.9977 7.69455 8.90736 9.79619 9.47388 8.94908 7.30681 5.00934 9.35402 8.28835 7.7728 9.90997 7.61265 7.99915 8.76209 9.96412 8.91974 9.94186 9.87384 6.02529 9.98193 9.10442 9.64556 
8.92045 7.76619 9.9975 9.9803 9.45914 8.69892 8.59018 9.28343 9.57948 7.59427 8.71536 9.72723 8.47617 9.79122 7.18123 8.42785 9.85506 9.92068 8.9348 9.31822 9.40322 9.38782 9.54234 8.40587 9.92128 8.70117 5.53522 9.47801 9.97326 8.71262 4.6491 9.29184 
9.91059 9.67624 4.6348 7.01473 9.87314 8.6402 9.89434 9.50568 9.56623 8.93017 9.43583 9.65792 9.52164 7.14443 8.97682 8.68238 9.64414 8.51851 9.67056 9.52096 9.80904 9.9909 9.82775 8.25851 9.64696 9.37433 6.78647 9.8876 9.96526 9.96086 9.60746 9.50838 
8.60135 9.87985 9.99102 9.13058 8.49976 9.54309 9.47458 9.57669 8.02874 9.07738 9.10118 8.34416 9.78085 9.53947 9.96698 9.89978 8.78913 7.16947 7.27051 8.40017 9.62728 9.97316 8.82875 9.31119 9.9449 9.75753 9.66726 9.08672 8.05517 9.96274 9.30337 9.1355 
9.3835 7.92851 7.91447 7.55464 8.45994 9.61129 9.60159 9.21263 9.12144 9.66677 9.34278 9.94979 9.67821 9.25132 9.85707 8.78406 8.81078 9.60783 9.13275 8.52409 7.54211 9.72233 6.99305 9.46645 9.9717 9.45037 9.12867 9.40322 7.31358 9.13621 7.83767 7.22343 

