0 0 6 0 0 4.48749 1.19151 5.79802 6 4.87001 0 0 5.35233 0 6 6 5.9689 0 4.7852 4.79991 0 0 0 0 6 0 0 0 0 0.314049 0 3.52264 5.04989 0 0 6 0 6 0 5.45864 3.43131 0 0.135252 0 5.4176 0 0 0 0 6 0 0 5.86737 0 0.360241 0 4.30802 4.89519 0 1.45451 5.97548 6 0 6 0 0 0 0 5.66279 0 0 4.95505 0 0 2.16157 6 0 0 0 0 0 6 0 0 6 2.20931 0 2.01922 0 0 0 4.32964 6 0 0 0 0 0.18608 6 0.223655 0 5.36369 6 6 6 4.65398 0 3.21363 0 0 6 0 5.1296 0 0 6 0 2.88668 0 4.52692 3.87258 6 0 3.27934 0 0 6 0 
0 6 3.6859 6 0 4.27451 1.66395 5.95643 6 3.9655 6 0 3.08228 3.95881 0 0 6 0 0 2.27247 0 0.0929546 2.28332 0 0.0893421 1.58278 1.79335 0.77093 0 0 0 3.6857 5.51914 0.22366 0 1.75634 0 0 3.9243 0 0 0 6 0 0 6 0 0 0 0 3.85595 6 3.40539 0 2.81942 6 2.66815 3.64586 0 5.1795 0 0 1.09151 4.95296 4.38937 0 3.18811 2.587 0 0 0 3.96801 0 6 0.746915 0 6 6 3.44522 3.86701 0 3.27432 0 5.7055 0 0 0 3.56548 4.96692 0 6 0 3.77016 5.04815 4.33091 6 0 5.59606 0 6 0 6 2.78228 1.75624 0 0 0.439622 6 4.11272 2.51044 0 0.402189 0 0 3.17031 3.43405 0 4.00809 3.92683 0 0 6 5.89146 0 6 6 0 0 
0 0.705634 0 0 0 0.0772066 0 0 0 0.746459 5.74216 6 5.71576 4.81401 6 6 4.01363 0 6 0 0 0 6 2.2761 0 0 0 3.55073 0 0 0 0 0 6 5.60564 0 6 2.23709 0 0 0 2.70371 1.2848 0 5.02613 0 3.57771 0 0 1.24911 0 6 0 6 6 1.2574 0 0 3.83598 0 3.68232 6 1.84521 0 6 6 5.52405 2.7125 6 0 6 6 3.09391 0 0 5.43235 1.59207 0 0 6 4.47605 6 3.32683 0 1.66087 0 0 0 0 0 0 4.20846 0 2.253 6 6 0 0 5.01993 0 0 2.59906 2.46875 0 0 0 6 2.18499 3.20657 0 0 0.582047 2.47548 5.36694 2.09723 6 6 0 0 1.79783 0 6 6 4.13407 1.38281 0.885541 3.3035 1.98995 
5.00831 0 0 0 0 0 2.23175 6 6 4.43634 1.50758 0 6 0 0 0 0 0 6 0 0 6 0 6 3.41534 1.56938 0 0 0 0 0 1.5595 0 0 5.35458 0 3.92848 5.9154 0.184967 6 1.17063 0 6 6 6 0 6 0 0 0 3.79325 0 0 3.46044 0 5.95828 0.8095 5.27634 0 4.45874 0 0 0 6 6 3.05593 1.04876 6 6 0 0 0 0 6 4.30792 3.22238 0 0 0 0 0 0 0 0 0 6 5.60742 3.98071 3.80425 0 1.33516 0.00456715 0 0 0 0 5.10549 6 4.79006 6 0 0 0 6 0 0 4.88947 0 0 0 0 0 0.580014 6 6 0 0 0 0 6 0 0.862069 6 0 0.895616 0 1.02166 0 
6 6 0 5.00914 6 0 6 2.33473 0 0 0 1.63316 6 0 2.66294 0 4.42748 0 0 4.48767 4.34586 0.788157 6 0 0 0 6 6 0 5.85546 0 4.81687 0 0 0 6 0 0 0.253115 0 0 0 0 3.43888 0 0 0 6 2.55934 0 6 4.11576 0 0 0 1.61711 0 0 0 0 3.09659 4.46345 0 1.14629 5.7624 6 0 5.21053 0 5.81617 0 6 5.97964 0 4.13274 0 5.15379 0 0.787884 1.97002 0 0.918187 0 0 6 0 6 0.459871 6 0 4.34077 0 0 0.849983 5.676 0 6 1.98181 6 5.44983 0 6 0 6 0 0 0 5.33214 0 2.77272 1.04362 0.136886 0.637238 0 1.38691 6 0 6 0 5.29984 0 0 6 6 2.16324 0 6 0 
0 0 3.50537 0 0 6 3.13097 2.16361 3.7455 0 0 0 0.300101 3.79766 6 4.70851 0 0 6 0 6 6 2.45075 6 0 6 1.84047 0 0 1.07268 6 0 0 0 2.621 0 0 5.0526 0 0 0 0 0 0 0 0 0 0.864469 6 3.06433 2.16133 5.46642 0 0 2.37963 0 5.65897 0 0 0 0 3.32788 0 5.20459 0 0 4.86468 0.686325 0 0.556002 4.72129 0 6 0.239712 6 0 0.517561 0 6 4.07531 0 3.53527 0 0 0.839767 0 5.43286 0 0 0 0 0 0 1.23472 0 0 6 0 0 0 4.59651 0 4.84144 0 2.97568 0 0 0 6 0 0 0.598495 0 0.0754347 6 2.23005 0.514393 5.40718 0 6 6 6 6 0 5.87383 1.55457 6 0 
0 6 6 0 5.34689 5.25077 6 0 0 6 0 0 6 0 0 0 0 4.66475 0.42717 0 0 0 5.85419 0 6 0 0 6 0 6 0 4.96336 0 0 0 0 0 6 6 0 5.38541 0 5.29147 0 6 0 6 0 6 0 5.51854 0 6 4.74764 0 0 0 2.8259 0 0 0 6 0 5.27444 6 0 0 4.54315 0 6 6 0 5.10877 3.11835 0 0 0 0 0 1.98004 0 6 0 1.43188 5.5759 0 6 2.95452 0 0 1.78458 0 0 0 6 4.90898 5.14184 0 6 5.72604 0 1.37037 0 0 6 0 6 0.567882 4.38762 2.74476 0 2.40534 6 3.39756 2.76643 0 0 6 0 0 5.15704 0 0 5.28045 6 6 0 0 
0 0 2.42501 0 1.65393 0 0 0 0 4.74859 6 6 5.6158 4.75064 4.01522 3.86547 6 1.85235 0 0 0 3.50039 0 0 6 4.47584 5.44259 0 0 0 3.75806 1.6571 0 0 0 0 0 0 6 5.84034 0 0.446595 5.92334 0 3.197 0 0 6 0 5.14362 6 5.4792 6 5.55762 6 6 1.00922 2.03617 1.94732 6 0.818282 0 5.90008 2.58425 0 0.0174532 0 0.214458 4.40407 0 6 0 0 0 5.93492 6 0 0 6 0.0145359 4.31616 1.70936 6 0 0 6 4.1366 3.80971 6 0 0 6 0 6 0 0 3.88021 0 0 6 0.538947 0 0 2.57774 4.12935 1.99635 0 0 2.72278 1.84631 0 4.31476 0 2.09764 0 4.24881 6 3.96047 3.61609 0 5.24373 0 5.86403 0 6 0 2.5767 6 
0 0 5.8057 0 6 0 2.82225 0 6 0 4.76942 0 0 6 0 0 0 0 6 3.31612 0 6 6 4.6419 0 4.77723 0 0 0 4.22376 6 0 0 6 2.82403 3.56007 0 6 0 0 6 0 6 3.91745 0.54863 0.826575 0 0 0 0 0.753524 4.48415 5.0705 0 2.96155 0 4.21056 6 0 0.703125 0 6 4.61172 6 0 0 0 2.68583 0.739851 0 6 4.35532 0 0 6 3.51511 0 3.72148 6 0 6 0 1.84974 6 6 6 0 1.23525 0.798187 0 0 0 0 5.10572 0 0 0 0.313255 4.8962 0 2.63897 0 0 5.06396 6 0 3.03247 6 0 0 0.467654 0 6 5.41798 0 5.86062 0 0 1.06787 6 0 0 6 0 6 0 4.86564 0 
0 0 0 0 0 0 0 6 6 0 0 0 3.17692 0 6 0 1.35168 0 5.33555 0 0 0 0 6 1.61362 0.0642834 0.424093 6 0 0 6 0 2.10316 6 0 0 6 0 0 2.54635 0 0 2.26385 6 0 6 6 0 0.254837 3.05235 0.762865 1.47204 0.516817 6 0 6 0 6 0 0 0 0 0 0 6 0 2.99642 0.797133 0 6 4.54505 6 3.84246 0.181203 5.47092 6 0 0 2.72756 2.12748 0 0 0 0 0 0 0 0 0 0 4.1168 0 0 0 0 1.5713 6 0.0620947 3.63515 0 6 6 0 4.38521 2.2984 6 4.32445 1.06287 3.6253 0 0 0 0 3.30997 0 2.12285 0 6 0 0 0 0 0 0 6 6 6 3.06664 
0.987009 6 1.39734 5.02866 0 4.6795 6 0 0 6 2.12921 5.61974 0 0 0 0 0 0 0 0 2.54226 6 0 4.03768 1.24157 6 6 0 0 6 6 0 0 0 0 4.55581 6 0 0 0 5.0792 6 1.84144 6 0 0 0 0 0 0 0 3.56371 0 6 0 0 6 2.65359 0 4.03246 0 0 1.37349 4.21259 0.937781 1.28705 0 0.410729 3.13012 6 0 0 0 0 0 1.55865 0 0 0 1.04785 0 0 3.10879 6 0 6 0.66462 0 2.15856 0 1.27666 0 2.49802 4.22175 0 0 3.68018 0 0.759988 0 6 0 0 0 0 0 0 5.01913 0 5.01632 6 0.772433 2.29422 0 0 4.05865 0 0 0 6 0 0 6 0 0 2.15536 5.18386 5.14122 
6 5.60624 4.05603 6 6 0 0 1.69633 0 0 0 6 0 0 1.7454 0 0 6 6 1.0576 0 0 4.87778 0.780264 0 6 6 4.22088 0.399455 0 0 0 6 2.43508 6 0 0 0 0 0.824061 0 6 6 0 0 0 2.96079 1.96312 0 6 6 6 0 5.13512 5.96892 0 6 1.97183 0.572091 0 0 4.74817 2.45908 6 4.05544 0 6 0 0 0 0 0 5.70525 6 0 4.0618 6 0 1.60446 6 5.72992 2.7098 3.69816 0 0 2.9467 5.16097 0.494263 6 6 6 0 0 3.38522 0 0.832686 0 0.179087 6 6 0 4.89735 6 0.343174 6 3.35781 0 4.07878 0 0 1.42695 2.75898 0 0 6 0 0 6 0 0 2.57118 0 0 0 4.41409 6 0 2.37168 
0.857489 0 6 4.21116 0 6 6 0 0 0 0 0 0 6 3.34607 0 0 2.24381 0 3.01214 5.06185 0 0 0 0 6 5.86962 0 0 2.7977 0.8892 4.78183 6 0 0 0 1.04401 6 6 5.70259 3.41072 3.90941 5.47551 6 0 4.45621 0 4.41905 0 6 0 0 6 0 5.9723 0 0.310191 0 0 6 1.25172 0 0 0 6 0 3.30329 0 0 0.0823154 3.46878 0 0 0.963633 0 6 0 0 0 0.80711 5.10328 0 0 6 3.38453 3.81889 4.14172 6 6 5.02618 0 2.85078 0 0 0 0.130374 0 6 0 0 6 2.29283 0 0 4.59371 6 0 5.31962 6 6 0 0 0 4.08772 2.24771 0 0 6 2.6398 6 6 0 1.81855 4.39273 6 0 0.233375 2.32872 
0 6 6 0 6 3.62549 0 0 0 1.06721 0 0 0 0.492799 2.48247 2.8445 6 6 5.22433 5.31688 0.814189 4.06863 1.45126 0 0 0 0 6 6 6 0 6 0 6 0 0 0 0 6 0 0 0 5.84888 2.13396 5.47939 0 6 0 0 0 6 0 3.05671 0 0 0 6 0 5.31717 5.7016 6 1.86286 6 0 0 6 6 0 3.81321 6 0 0 0 0 6 6 0 1.51111 0 6 0 6 1.11619 0 6 0 0 0 0 6 0 0 0 0.640776 6 0 0 6 0 0 4.86559 0 0 0 0 0 0 5.73325 0 0 6 3.2541 0 0.838346 0 0 6 0 6 6 0 0 6 6 0 0.761408 0 0 
1.93933 0 6 6 1.35695 6 0 0 4.78984 2.82114 0 0.213258 4.23536 3.76729 0 2.71836 6 0 0 0.194587 0 0 0 0 6 6 0 6 6 0 0 0 0.159924 6 6 0 6 3.30453 0 0 5.21762 0 0.553809 6 0 1.09928 0 0 1.88713 0 6 5.8808 0 0 0.57543 0 1.82835 6 0 0 0 3.03988 0 0 0 0 0 4.38287 2.89764 0.638729 0 0 1.55596 0 0 2.12471 6 2.78236 3.10425 0 0.0439301 0 0 0 5.47514 0.607034 2.41513 0 0 6 6 0 0 0 0 1.56162 6 0 5.57847 0 0 0 0.932728 0 0.738418 0 0 0 0 0 1.4775 0 3.49026 0.805268 0 6 1.09329 0 0 0 6 6 0 0 0 0 0 1.92778 
0.109591 1.90384 0 6 0 6 0 6 0 0 0 6 6 6 0 0 3.43364 6 0 6 0 6 0 0 4.9402 6 2.12763 0 0 6 4.5092 6 6 3.37706 0 0 0 6 0 0 0 6 1.57882 0 6 0 3.81299 4.88645 6 0 0 0 6 5.71339 4.99829 6 0 0 6 0 5.56894 0 0 0 1.47712 5.96433 2.56654 0 3.89783 0 1.74254 6 0 2.8916 0 0 6 4.70576 6 0 0 0 0 0 5.58422 0 0 0 2.39091 4.04882 6 6 3.96596 0 6 2.17131 0 5.69705 0 3.12879 5.5038 2.33055 6 0 2.19342 4.81705 0.229069 6 5.24207 3.52456 0 6 0 6 5.30806 0 0 0 0 3.44202 0 0 0 0 6 4.57987 0 0 
0 0 0 0 0 6 1.07603 4.82088 4.54085 0 0 0 0 6 0.574638 0 1.24967 3.21481 0 0 2.76751 0 1.38917 6 1.27758 0 0 6 6 5.79767 1.41804 0 0 0 0 6 0.911068 0 2.10765 3.25556 0 6 0 0 0 4.97487 0 6 6 0.448298 0 0 0 0 5.87932 0 0.931803 0.806957 2.53826 0.584876 0 0 0 2.13517 5.7392 0 0 6 6 6 0 5.29247 0 0 6 6 0 6 0 0 4.35115 6 1.85702 0 0 6 6 0 2.19599 6 0.00642967 6 0 1.85388 0 1.23996 0.0470638 0 2.99481 0 0 0 0 0 6 6 0.912609 0 0 6 0.315681 5.65765 6 1.39013 3.90214 3.19585 0 6 6 6 0 2.98836 5.3496 0 0 6 0.558907 0 
0 0 5.77973 0 0 0 0 0 0.482073 2.19814 4.12572 1.03597 0 5.52692 0 4.55738 0 6 0 0 0 6 3.742 0 0 0 0 1.74474 3.92181 0 6 0 1.24286 6 6 0 4.8642 0 6 6 0 0 0 0 0 4.23405 1.60536 1.36224 0 6 0 4.29011 3.95485 6 0 5.23775 0 0 4.1185 0 0 0 0 0 0 2.99594 0 0 6 0 0 0 0 2.89207 6 0 0 0 0 0 0 1.029 0 1.85669 5.31618 6 0 0 0 4.11043 3.97543 0 0 5.59114 0 5.06622 6 2.73369 5.12281 0 0 4.45822 6 1.80797 6 1.54965 4.919 0 0 4.34987 6 6 0 0 0 0 5.36266 0 6 5.56467 5.40136 0.739841 0 6 0 4.02506 6 0 
6 6 3.39546 6 0 6 0 0 0 6 0.72435 0 0 6 6 0 6 0 0 0 0 0 6 1.72703 6 6 4.85576 0 4.29292 0 0 0 0 0 6 6 2.82517 2.61869 0 3.32201 0 0 0 0 3.96102 0 5.99497 0 4.62241 6 5.33042 6 0 0 0 6 0 6 0 0 0.0433979 6 3.83411 0 0 2.41191 0 0 0.99262 2.96694 5.37434 6 0 0 0 6 0 6 5.31992 0 3.95208 2.59117 6 1.82203 2.9551 6 6 1.57552 0 4.78065 6 0 6 0 0 0 0 6 0 4.17728 6 1.49847 4.7827 2.89315 5.14557 1.61018 2.24682 2.38343 0 0 6 0.870449 6 0 0 6 6 6 6 0 0 5.71094 3.72891 0 0 0 2.09804 1.81196 
0 2.04131 6 3.87987 6 1.10445 2.58065 0 0 0 0 0 0 0 5.53918 0 1.51493 1.41668 0 0 0 6 1.36706 0 0 0 6 6 0 5.58632 6 2.94668 4.90756 1.30068 0.579319 0 0 6 0 1.74569 0 0 0 1.47696 3.25031 6 6 0 0 0 0 0 0 6 0.993801 2.82041 2.54304 0.805162 0 5.1049 0 6 0 6 0 0 6 5.62327 0 0.0901184 0 0 0 6 1.11371 0 0 0 4.65285 0.438861 0 1.50766 0 0 0 0 5.78905 0 6 0 0 1.17088 0 6 6 4.20089 4.36975 2.41551 0 6 0 2.77376 0 4.27494 6 0 0 0 0 0 3.2122 6 2.70639 6 6 0 0 2.35572 0 0 0 0 0.0446072 6 0 0 6 0.238162 
2.79695 6 0 2.90475 0.212816 0 1.31513 3.38554 0.729956 6 6 6 0 0 0 0 6 0 3.74937 0 2.51074 0 0 0 6 6 6 0 1.8614 4.58822 0 0 6 6 6 0 6 0.860378 0.383258 1.40955 0 3.01173 0 6 6 0 0 5.14525 0 0 0 0 0 6 1.62944 5.97786 6 2.64051 0 6 0 6 0 3.70902 0 0.233327 1.52637 0 3.03018 6 0 0.812793 0.611435 0 0 0 4.43422 5.97415 6 0 0 0 0 0 0 0 4.65478 0 2.1832 0 2.23454 0 6 0 1.33999 1.21739 0.702006 0 2.35538 6 5.16936 1.51495 1.76136 3.09216 6 0 6 4.32962 6 0 6 0 0 6 1.30017 0 0 0 0 0 2.23133 1.9073 0 0.229683 0.277043 0 0.666573 3.0994 
0 1.84141 6 6 3.73446 5.09606 6 3.05801 0 0 6 0 6 0 0.397683 3.87047 0 0 0 0 3.22608 0.67871 6 6 2.05329 6 0 1.52079 0 6 0 0 0 0 0 3.84113 0 6 0 0 0 0 0 0 6 6 0 0 0 0 6 0 1.289 4.17799 0 0 6 0 0.377441 3.66321 6 0 0 6 6 1.32042 0 6 0.0701923 0 0 6 0 5.61226 5.22281 0 4.44854 6 2.27856 0 6 6 0 0.79338 0 0 0 6 1.26754 3.63735 0 0 0 4.74657 0 0 1.5674 3.29275 1.28972 0 0 0 4.37842 6 0 0 0 0 3.02992 3.8828 0 5.32966 0 1.01344 0 0 6 0 0 6 0 5.31591 4.50732 0 0 0 0 0 
6 0.647283 0 0 1.90775 3.47178 0 0 0.494267 6 0 0 6 4.47373 6 6 5.89536 3.26228 6 0 0 6 4.87962 0 3.68863 0 1.24817 0 6 0 0 0 0 0 1.50531 0 6 1.90272 0 2.01735 5.5665 0 0 0 0.983034 1.85612 0 6 6 0 0.591588 2.82557 6 0 0 0 5.50658 6 0.817508 0 5.46718 6 0 5.01871 6 6 0 6 0 6 6 0 0 0 1.29513 6 0 0 0 6 0 0 6 3.53829 6 0 3.2828 0 0 6 6 4.80063 4.15546 0.793634 0 0 0 6 0 0 0.451456 6 0 0 0 0 1.54242 3.38143 0 1.77762 0 0 0 4.57896 0 0 6 6 6 6 6 6 0 0 0 0 0 6 
1.62012 6 0 0 4.03198 5.49424 1.66223 0 0 6 0 5.19702 6 3.58301 0 0 0 6 0 0 0 3.78336 6 0 5.20611 0 0.443049 6 0 2.92853 0 0.25455 0 4.10223 6 3.00526 6 0 4.64076 0 6 0 0 6 0 2.03368 0.0385246 6 0 3.9777 0 0 0 1.65427 3.3586 6 0 0 0 5.85244 1.9484 6 1.79007 5.74576 6 6 5.38917 0 0.409457 1.75866 0 5.34397 0 0 2.46055 0 5.6763 1.56036 4.98857 2.93037 0 0 6 0 0 0 6 6 4.17167 0 6 2.75801 0 0 0 6 1.15632 0 0 6 0 6 1.98229 0 4.07883 0 6 6 0 6 0 0.536204 0 0.522141 0 0 0 4.61371 2.63988 6 4.44617 6 4.5459 2.88306 0 4.4691 0 0 
2.13198 0 4.93756 5.59091 6 4.19643 6 0 0 0 4.94296 0 6 5.79952 0 0.537439 0 0.828389 2.7239 0.563069 3.50178 0 0.0163593 0 0 0 0 1.31503 1.67673 0.769292 6 5.03749 5.06636 0 5.93637 0 0 5.19688 3.879 0 2.74731 0 5.26202 0 0 6 0 0 2.07603 0 6 2.76572 3.42816 0 6 0 2.06635 6 1.41025 2.06327 0 6 6 0 0 0 0 0 6 6 6 4.7565 2.53262 5.75808 0 0 2.48372 3.80116 6 0 0 0 6 0 0 3.25006 3.73641 0 0 5.50134 1.01749 1.01371 0 5.74204 6 0.372199 0 2.06114 1.58707 0 0 0 0 6 4.65423 3.6118 3.53413 0 6 6 6 4.90407 2.75193 0 3.41494 0 0 6 2.85358 0.0467796 6 0 0 0 6 0 6 0 
6 2.89771 1.85949 0 0 1.80354 0 4.34344 0.143943 0 0 0 0 0 0 5.1298 0 6 6 3.17822 0 0 6 0 0 1.72456 4.59971 6 6 4.46994 6 0 6 2.97455 0 4.44758 0 0 6 0 0 0 0 0 0 0 4.67256 0 0 0 0 6 0 4.68939 0 0 0 3.19501 0 0 0.207469 6 6 0 0 0 6 5.06338 0.292944 3.49792 6 0 6 6 6 0 6 6 3.17181 6 6 0 0 6 6 0 0 0 0 0 4.31749 4.00308 0 6 0 0 0 0 3.16641 0 3.62991 6 0 6 0 5.02624 0 0 4.13175 2.28853 3.32621 3.59807 0 6 6 2.23064 0 0 0 0 0.337336 6 6 6 0 2.94033 0 0.226641 
6 5.18516 6 0 0 3.82651 0 0 0 3.428 0 1.91951 1.15115 6 4.42676 0.564404 5.95313 0 6 0 0 0 0 6 5.69022 0 0 4.39571 0 6 0 0 5.60414 6 0.688009 3.36862 0 5.18063 0 3.26144 0 0 0 0 0 3.34186 6 5.0382 0 0 0 6 0 6 0 1.80121 0 6 6 6 0 5.50683 0 0 4.30242 0 0 4.31614 1.29503 5.51272 0 0 5.17002 0 0 0 0 0 4.25768 0 0 4.28673 6 1.55197 4.01547 6 6 1.91089 0 0 2.15427 6 5.92116 0 2.32071 4.25292 0 6 0 6 6 2.22384 0 0 0 0 0 4.2145 0 6 0 5.26611 6 0 6 0 0 2.18588 0 0 2.80057 6 0 0 0 2.84561 6 4.54061 
0 2.60158 4.77935 6 2.04053 0 0 0 0 4.1374 0 0 0 0 0 0 6 0 0 0 2.55048 5.98105 3.52397 6 3.35036 6 0 3.27018 1.92213 5.16681 0 3.87089 0 0 5.10798 6 4.15132 0 6 0 0 0 6 3.54191 6 0 1.34394 6 0 0 0 0 0 0 3.16435 3.16276 0 3.73223 6 0 0 0 4.71624 5.82858 0.890643 6 5.30527 5.75242 0.959797 0 0 6 0 6 0 0 0 3.77771 0 0 4.7559 0 0 0 4.14142 4.78744 2.42143 0 5.54009 0 0 6 0 6 5.64207 6 2.47058 3.09458 0 0 4.67529 0 0 0 0 6 6 0 0 6 0 2.59003 0 0 0 0 0 0 0 6 0 6 0.811843 4.6422 1.42819 3.66885 2.31837 4.85232 
0 0 0 0 0 3.63065 0.275125 4.01798 0 0 0 2.13396 5.41474 5.60411 6 0 0 6 1.37609 6 0 0 4.49833 3.44167 4.17842 6 3.72407 0 3.09266 0 2.08526 6 1.59672 0 2.08537 6 0 0 0 0 1.72107 5.97536 6 0 0 6 0 0 5.34908 2.0322 0 2.08175 6 3.92513 6 0 0 6 0 0 2.1322 0 0 0 0 0 4.86597 2.28037 6 1.42468 4.64628 0 6 2.92209 0 0 6 0 6 0 3.10059 0 0 5.84169 1.21327 0 0 0 1.9457 1.42794 0 4.96582 0.579833 5.24341 5.90891 0 0 0 6 0 5.83487 6 6 6 5.40389 3.18036 0 0 0.448199 0 0 0 6 6 0 6 0.680182 0 6 0.611379 0 0 6 5.21124 5.24032 0 0 0 
0.480188 0 5.4356 0 0 0 0 0 3.21945 6 0 6 0 0 6 0 0.11954 6 2.6003 3.26951 0 0 0 6 6 0 5.92685 0 6 6 0 5.17482 0 0 0 5.73701 1.88318 0 0 0 0 0 0 6 2.75644 6 6 0 5.66493 0 6 4.54925 0 0 0 0 0 6 1.92022 0 1.98628 3.48475 6 0.723456 0 2.79905 3.69618 1.68101 0 0 6 6 0 0 0 0 0 5.54758 0 0 5.19512 0 5.28576 0 0 0 2.83305 0 0 0 0 0 0 0 0 1.49494 5.39026 0 0 0 0 0 6 6 0 0.80945 4.42609 6 0 0 0 2.35468 0 0 4.2944 0 2.86538 0 0 0.0681057 4.64603 5.78177 0 6 6 0 2.69668 3.10881 
6 0 5.51838 6 6 0 0 6 6 0 5.17194 4.79039 0 0 6 0 0 0 6 0.526967 0 5.45003 0 2.4041 5.711 4.82554 2.83413 0 5.37832 0 2.37315 5.55391 4.56543 0 0 5.31336 1.72651 0 0 5.32515 0 0 0 3.17735 1.68642 3.67392 6 6 0 0 6 0 0 0 6 6 0 4.761 0 0 0 0 0 6 0 0 0 0 0 5.54212 6 4.49578 0.639571 6 0 4.49858 6 4.061 0 0 2.06483 3.53654 0 0 0 0.985099 0 5.37298 3.70088 0.648605 1.118 0 0 0 0 0 2.93407 0 6 0 0 4.73468 0 0 6 0 4.34793 0 0 3.44095 0 0 6 3.28177 0 0 0 0 0 0 0 0 0 0 0 0 6 6 
6 0 6 0 0 5.68283 0 0 6 3.2146 6 4.78968 0.193362 6 0 6 1.83966 0 6 0 0 0 0 0 6 6 3.35681 0 3.57189 0 0 3.15323 0 3.53039 0 0 0 6 0 6 6 6 5.85408 6 0 3.86869 1.02493 6 6 3.18592 5.69975 0 0 6 5.42463 0 0 0 0 0 4.02512 0 0 6 6 6 4.42847 6 0 0 6 6 0 0 0.995006 3.05564 0 0 1.44496 5.45258 1.45779 1.11476 0 0.47631 5.35308 6 6 3.14495 0 6 5.06742 6 0 0 3.05566 0 0 1.53191 6 1.85761 0.821001 0 0 4.70631 0 4.15446 4.06461 0 0 5.68728 6 0.840925 0 0 0 6 6 0 0 2.96472 6 6 6 1.34821 0 2.95115 0 6 
6 0.392152 0 6 0 2.10269 0 0 5.66821 5.55356 0 0 0 0 0 0 0 5.31653 0 0.774443 0 0.804057 0 5.39498 0 6 0.574855 1.57169 0 0 1.65763 0 0 0.864112 3.14683 6 6 6 4.97011 0 1.93336 0 0 0 0 0 0 6 0 0 4.11505 1.58218 0 3.96429 6 2.11921 0 5.21247 5.99804 6 6 3.35148 6 0 0.93029 0 0.448771 2.48047 6 0 0 4.28564 6 0 0 0 0 0 6 2.65565 0 1.37575 2.23324 0 6 2.99127 0 0 0 0 6 0 0 0 6 6 6 6 0 6 0 4.0355 4.59898 0 6 0 5.94709 0 6 0 0 0.429644 1.02268 6 0 6 0 6 3.93191 3.66947 0 0 0 6 0 6 0 5.99626 
0 0 0 0 5.91712 6 0 0 6 0 0 6 3.79666 0 0 0 0 0 0 0 0.945217 6 6 2.29408 0 0 0 0 0 4.32593 5.97858 2.06612 5.32938 0 6 2.29028 0 0 2.98862 6 6 0 6 0 0 6 3.31614 0 0 5.63067 0 3.12317 0 1.80449 6 6 0.427119 0 0 0.506353 0 5.32043 0.472254 0 0 3.62476 1.38958 0 0 0 0 0 0.452443 4.21566 0 1.11109 0 5.53107 0.705187 0 6 0 5.72247 0 0 0.402323 1.83567 0 0 6 0 3.98599 0 2.35161 3.49151 1.82564 3.60712 4.85643 1.96362 2.50288 5.99588 0 0 6 0 4.5767 0.670647 0 6 0 0 1.76557 0 0.132151 1.05136 0 0 4.09916 0 6 0 0 0 0 0 0 5.41654 0 
0 5.73573 0.492306 0 0 0.053915 6 0 0 6 3.40593 3.52634 6 0 6 0 6 0 6 0 0 3.7738 6 0 2.73949 2.676 0 0 0 2.49408 0 2.69013 0 0 1.45468 6 3.21446 5.44414 0 0 0 0 0 0 0 0 6 0 0 0 4.68399 3.79334 0 6 0 6 1.97513 0 0 0 0.76208 6 5.65135 2.30254 0 1.38092 6 6 6 0.0358219 2.07124 0 1.80875 0 1.06162 2.7134 4.11069 6 6 6 6 6 6 0 6 6 6 0 0.0598803 6 0 6 0 0 1.94483 6 5.69689 6 0 0 1.52436 0.00584602 0 0 2.06242 3.07656 6 1.88904 6 0 3.26286 0 0 2.01935 0 0 0 0 0 0 0 0 0 0 3.92381 6 6 6 
0 5.89996 0.646441 4.73446 0 0 6 0 0 0.0404282 0 6 0.776964 0 1.12755 0 0 0 3.42704 0 6 0 4.57348 6 0 6 0 2.30049 4.36028 3.19304 5.41691 1.96667 0 0 0 0 0.789239 4.74601 6 0 0 0 0 4.67848 0 1.68828 0 5.69817 6 0 1.32699 2.76183 0 6 0 2.87201 6 0 0 5.54718 0 0 4.66282 6 4.9521 0 0 2.04077 0 0.340928 6 6 0 6 6 6 5.72547 6 0 0 0 6 6 0 6 4.85663 5.32629 0 0 0 0 5.93358 5.72533 5.59095 6 0 4.50073 3.76407 2.64747 0 4.24175 0 6 0 0 3.53493 0 4.85021 0 2.07022 0 0 0 0 3.70021 6 6 0 6 6 0 6 5.64266 0 4.11142 0.688173 6 6 
5.42885 2.69645 0 6 0 1.83969 0 0 6 6 6 0 4.5305 4.15973 0 0 1.93756 4.56305 0 0 3.0138 0 2.10453 0 0 6 0 0.915627 6 6 3.70974 6 6 0 6 6 6 0.113325 4.66522 6 0 6 6 0 6 0 4.52903 0 0 2.52412 2.86282 0 0 5.81803 3.68239 6 2.02169 0 0.0973806 0 5.47628 0 6 0 5.75535 0 0 6 6 0 0 6 0 0 0 1.11872 2.34461 5.78839 5.56842 6 6 0 6 6 2.65054 6 1.05966 6 5.93226 3.54086 0 3.43019 0 0 6 0 0 4.2357 6 0 0 0 6 0 6 0 0.945546 0 6 0 2.80611 2.2879 0 0 6 4.20552 2.18327 0 6 6 4.86584 0.104643 0 3.14511 0 0.797088 0 4.51879 
6 6 4.4494 1.00625 0 5.43417 0 6 0 6 1.1175 1.8558 0 0 0 5.92122 0 0 0 0 0 3.30096 0 5.13337 0 0 0 0 0 0 3.2888 0 6 0 0 0 0 6 2.74851 0 0 0 0 6 0 0 0 0 0 0 0 0 0 1.21992 3.11545 1.35862 0 6 0 6 0 0 0.976545 0 2.00497 0 0 6 0 0 0 6 5.7363 0 0 0.264167 0 0 0 6 1.39128 3.26207 5.59163 0 2.34325 2.93587 3.11931 6 0 6 1.92542 0.442577 0 2.91628 0 6 1.29081 0 2.71903 0 0 0 6 0.223975 4.34642 0 0 3.31837 0 0.269275 5.70705 0 3.14142 0 6 6 0 6 6 6 6 0 0 0 0 0 0.453586 3.41233 
0 4.95748 0.309851 6 6 4.05674 1.54137 5.75707 0 0 0 6 0.999813 3.86681 6 0 0 0 4.53622 0.299479 0 0 0 0 3.40786 0 0 4.32941 4.4137 1.06903 6 0 2.57916 6 6 0 6 0 3.91397 2.05153 0.0443897 6 2.46099 1.88968 0 0 5.19898 0 6 0 6 0 2.41258 6 0 5.30313 6 0 6 0 0 6 5.36709 4.78011 0 6 0 0 1.00691 3.09044 0.97521 0 0 5.89497 0 0 0 0 0 6 0 0 6 0 0 6 0 6 6 0 0 2.66482 6 6 0 0 6 5.54801 5.47671 6 4.73678 0 0 1.46195 0 0.608648 6 0 0 0 6 0 0 0 0 6 6 0 0 4.29847 4.35913 3.95395 0 2.73944 1.76501 4.56594 0 4.70925 
6 0 6 0 6 3.20159 6 3.14875 1.07785 0 0 0 0 0 6 0 1.78184 6 0 0 0.201712 0 0 0 5.77722 0 5.49665 2.12331 6 0 0 0 6 0 5.55087 0 6 0.205201 6 0 3.27372 1.43446 6 1.89898 0 2.77401 2.72125 0 0 6 0 6 0 1.98492 0.510286 0 6 2.48551 0 4.62553 1.26922 0 6 0 0 0 4.50714 0 0 6 0 0.0303411 6 6 0 0 5.14281 0 0 0 0 4.40901 2.28707 0 5.12224 6 0 0 0 6 0 0 5.76906 0.571552 6 0 5.30977 1.24323 0 0 0 0.0264597 4.70784 4.68267 1.60433 3.96062 6 6 6 0 0 6 1.50157 0 0 0 2.59186 1.36664 6 4.25838 0 1.57288 0 0 0 0 0 4.72923 
4.19211 0 0 2.63607 4.44346 1.21754 3.14368 0 0 0 0 0 0 0 0 0 0 0 0 0 6 6 2.09978 0 0 5.36352 4.6714 0 6 0 6 0 6 6 3.75639 0 2.55927 0 0 6 0 0 0 0 0 1.41651 6 6 3.37272 5.265 6 6 0 0 0 6 0 1.24139 4.0939 6 0 0 5.74644 0.409736 6 0 0 6 6 5.79355 0 0 3.32782 0 1.42764 0 3.82571 0 0 5.31455 1.57027 0 0 0 0 2.97101 0 4.66697 0 0 0 6 6 0 0 0 0 6 0 6 6 0 6 0 0 2.59821 6 0.594926 0 4.42018 0 0 0 0 2.10998 2.37614 0 6 6 0.698206 0 0.311691 0 0 6 0 6 6 
6 2.10413 4.07772 0 0.77747 6 0 6 4.6365 5.64032 0 0 0 0 6 6 6 2.61945 5.11408 0 4.71028 5.65402 6 6 0 6 6 0 0.909812 0 0 5.56697 4.02058 0 6 0 0 0 0 0 0 6 0 6 6 2.24772 0 0 5.05955 0 5.253 6 0.369352 6 0 0 0 0.610334 0 0 0 0 4.2249 6 0.475005 3.4153 0.91525 2.60364 0 0 0 0 6 0 0 3.72233 1.23229 0 0 0 0.433679 6 0.0941706 2.72517 1.90401 0.74249 0 6 4.64888 0 0 3.08602 6 2.26538 0 0 1.34327 0 6 0 2.73482 4.20319 2.99335 6 0 0 0 0 6 2.38457 0 0.896096 0.688319 6 0 6 0 6 5.18578 0 6 2.17945 6 6 6 0 0 0 
0 0 0 0 0 0 4.06786 6 6 0 6 6 0 0 0 0 0 5.71197 1.07496 6 0 0 6 0 1.46788 0 0 0 6 0 0.935163 0 4.5103 4.554 0 0 6 2.21365 4.75352 0 5.78709 3.64614 0.617419 0 0 5.95857 5.70161 6 0 0 0.164571 5.93305 0 0 4.18283 0.891327 0.527358 3.31693 6 1.75842 0 0 0 0 6 4.9682 0.617972 6 0 0 0.851177 5.72966 0 0 0 6 6 0 0 6 0 0 6 0 0 3.07754 4.1721 0.533429 5.35338 0 1.25865 0 1.22801 0 4.95401 2.08636 5.44523 0 2.2653 0 0.786305 0 0 0 0 0 0 5.96064 0.47307 0 1.94418 0 0 0 6 0 3.01247 0 6 0 0 0.805399 0 1.51587 0 1.79281 0 0 
0 1.27283 0 0 1.88234 0 5.55848 1.37546 0 0.137857 0 0 0 5.37277 0.161324 0 0 1.16205 0 0 3.35538 0 4.34157 6 6 6 5.85168 6 0 0 0 0 0.785718 5.55987 4.79227 3.61406 1.48608 0 0 0 4.74627 0 0 6 0 5.06296 0 4.49296 0 6 0 0.354745 2.21458 0.500023 3.88699 6 0 0 0 0 6 0 0 0 0 5.82164 4.32799 0.469863 0 3.32061 6 5.14836 6 1.1147 0 3.00692 0 5.32814 6 1.2838 0 3.00397 6 0 0.678945 0 3.38195 0.454077 0 6 0 0 0 0 0 6 6 6 0 6 0 0 0 0 0.984035 0 1.11353 0 6 6 6 0 0 6 2.92913 6 3.33058 0 6 0 6 0.424087 6 0 0 4.98472 0 0 
6 2.22048 0 0 6 0 0 0 0 0 0 6 0 1.08438 5.19401 0 0 6 6 0 0 3.82721 3.95182 0 5.7965 1.80986 0 5.37616 0 1.68081 6 0 4.65478 0 3.67407 0 3.74582 0 0 0 0 0 0.944804 0 0 5.1716 0 0 0 0 6 0 0 0 0 0 0 4.51982 4.54252 6 0.686747 2.16088 0 0.990648 6 1.25685 3.80539 0 0 0 0 0 2.49133 0 0 6 0.685535 1.79088 0 0 2.779 6 6 0 0 2.14889 0 0.88515 0 5.01767 0 1.59867 6 0 2.90507 5.54351 6 0 0 0 5.84457 6 0 0.18538 0 6 0 0 5.47852 0 5.11666 0 1.464 5.506 0 6 4.27273 0 0 3.05387 6 0 0 0 2.84669 4.39934 0 6 
6 0.476486 6 0 6 0 6 0 0 0 0 0 3.04941 0 6 4.20633 0 0 0 2.78974 6 1.60884 0 0 1.3929 0 0 0 0.867395 0 0 4.70552 5.60451 0 0.802154 1.79737 6 0 0 0 5.31023 6 0 0 0 0 0 1.86835 1.42277 0 0 2.66958 6 0 6 0 0 0 3.14299 4.20775 0 1.63871 1.86598 1.6238 0 0 0 0 0 0 6 6 0 3.03845 6 1.39074 0 0 6 0 0 0 6 3.08629 0 0 0 0 3.74152 3.75478 6 0 0 6 0 0 6 0 0 0 0 0 0.793224 0 0 4.95046 2.36365 5.84542 3.9532 1.4546 6 0 0 3.36595 0 0 6 0 2.64307 2.08052 6 0.956845 1.7044 5.86193 1.44933 0 0 6 
0 2.89355 0 0 0.402623 6 6 0 0 6 6 0 6 0 0 3.72047 6 0.77572 0 0 6 6 5.73075 0 6 0 0 0 0 0 4.45173 0.2533 0 0 0 6 0 1.89074 0 3.12807 0 6 6 4.46168 6 5.70075 0 5.24309 0.685751 5.43311 0 0.3992 6 5.87429 6 5.84162 0.188796 0 3.78741 0 2.71432 0 1.2222 1.57438 0.680308 0 5.48697 0 0 6 6 0 0 0 0 0 0 4.63232 0 0 0 0 0 0 0 2.84272 0 0 5.58331 0 0 0 3.0557 0 0 2.37924 6 0 0 0.500785 0 0 4.451 6 0 6 0.228358 0 0 4.06293 5.73633 0 0 0 0 2.5371 1.02975 6 0 1.85752 0 6 0 6 5.19091 3.69271 3.36814 6 
0 6 0 6 0 0 0 5.96184 0.598578 0.316596 1.0302 0 1.36398 4.49126 4.60358 0 0 0 2.15962 0 0 2.98762 0 5.56303 0 0 5.16692 0.485365 0 0 5.82079 6 0.0412846 0 0 0 0 0 6 0 0 0.36977 0 5.68103 1.13231 0 3.13798 0.0359287 3.8497 1.95904 5.56216 3.26216 6 0 0 0 0 6 0 0.525837 0 6 0 0 0.936493 0 6 0 0.173212 0 0 2.79556 4.90903 6 3.79866 4.13215 6 0 2.82989 1.88838 0 2.05208 6 0 6 6 0 0 0.37922 0 0 0 0 0 5.66653 0 2.92656 6 0 0 4.27229 4.44001 3.29771 4.58874 3.03504 6 0 6 0 0 0 6 0 1.37144 6 0 6 6 1.45718 0 5.19585 6 0 0 0 0 0 0.266423 
0 0 5.02723 0 0 0 4.01891 5.81557 2.22533 1.1165 5.06949 2.87254 0 6 5.43973 5.59573 6 0 0 6 0 0 0 4.87572 6 6 6 6 6 0 0 0 0 0 0.704559 1.51481 0 0 2.17936 6 1.30692 5.46597 6 0 1.44948 1.44506 6 0 0 3.79814 0 3.0422 0 0 0 0 0 0 6 0 5.99291 2.77769 4.67965 0 0 6 6 3.97882 0 0 0 4.85074 6 4.52495 0 0 0 6 4.35779 1.4248 6 2.14686 2.32226 0 0 1.13612 0 0 1.03269 0 4.7843 6 6 6 0 0 0 0 1.42638 0 0 0 6 0 6 0 0 6 0 0 6 0 0 2.0887 4.84004 6 0 0 0 6 0 6 0.88093 5.80554 0 0.211082 6 0 
6 0 6 0.53373 0 6 0.4135 6 0 2.6796 0 6 0 6 0 0 2.75336 0 0 0 0 0 0 4.34053 0 0 0 5.25854 0.350439 6 3.72684 0 0 0 3.94369 1.61353 0 2.25648 4.74475 4.96939 0.541405 0 0.972805 6 0 5.75111 0 3.30705 1.66225 0 2.52077 6 6 0 6 0 0 0 3.6962 2.02474 6 4.09183 0 6 0 6 0 6 6 6 0 0 3.60221 2.41862 6 0 6 0 0 0 0 4.57325 2.60212 0 0 0 0 0 1.68117 0 0 2.77052 4.18768 2.38496 4.05396 0 0 6 0 0 6 6 6 0 6 0 0.631489 0 0 2.92124 0 3.12123 0 4.69966 6 0 0 6 2.68195 0 6 0 0 0.789177 3.69994 4.82056 0 0 
5.78507 6 0 0 6 3.89045 6 3.89781 0 0.418698 0 0 2.7835 2.35947 0 0 0 0 2.9291 6 0 0 0 2.1436 6 0 6 3.90081 0.873795 5.85955 1.40916 3.71576 0 6 4.21578 0 6 5.33345 0 1.95915 6 0 0 0 0 0 6 5.75091 0 0 6 0 0 6 6 6 6 6 6 2.29884 0 2.17201 4.9091 6 5.36528 0 0.339925 0 6 0 0 0 3.62048 6 5.42164 1.48305 5.68511 6 6 0 0 0.869424 0 5.54371 0 0 0 2.45291 5.9984 0 0.689219 3.70935 3.1239 3.41301 2.47071 5.31147 6 6 1.91166 6 0 5.24125 6 3.97275 6 4.39355 2.47791 6 6 6 0 6 0 0 0 0 5.36338 2.25791 6 0 0 0 0 0 1.56615 2.33076 0 0 
0 0 6 4.83139 1.10938 5.26781 0 0 6 2.91908 0.988562 0 0 6 0 0 0 5.24272 0 5.49977 0 6 6 0 0 0 0 0 0 0 0 0 5.92116 0 0 0 4.70537 3.12809 0 0 0 0 6 0 4.01632 2.34149 0 6 6 0 0 3.60767 0 0 0 0 0 6 0 4.46172 6 0 4.23179 3.61226 0 6 0 0 6 5.86544 0.420399 5.6428 0 0 0 2.84579 6 6 4.47689 3.09184 4.53743 0.651952 0 6 0 1.12969 6 0 0 0 0 0 6 0 6 0 0 3.83102 6 0 6 0 0 0 2.56553 0 0 6 1.46043 5.51406 0 0 5.89749 0 0 6 3.87112 1.89893 0 0 6 0 0 6 6 0 0 0 
0 0 6 0 2.43011 2.77099 0 0 0 6 6 6 0 0 6 0 0 0 1.05419 0 6 6 0 2.70823 0 0 6 0 6 0 0 3.38683 2.40055 5.97593 0 0 6 0 0 0 3.44782 6 0 0 0 5.48369 4.42846 6 6 5.30465 0 0 6 3.28693 3.47592 0 0 0 0 0.659018 0 1.52115 5.93722 6 1.73549 6 6 3.78373 0 0 1.3922 0 6 0 1.30643 0 0 6 6 6 1.94865 0 1.76649 6 0 4.79125 6 6 5.23584 0 6 0 0 0 6 0 0 0 3.84141 2.52084 6 0 5.35924 0 0 5.0101 4.76299 0 0 0 0 6 2.06222 0 0 0 0 6 6 6 0 3.99716 0.318174 6 0 0 6 0 
6 6 6 0 0 0 0 6 0 0 0 0 6 4.47529 0 2.0944 0.540414 2.7342 0 0.553565 3.76558 6 0 5.75335 0 0 0 0 2.0336 0 0 0 2.3522 0 0 0 0 5.2163 0 4.31094 0 2.97685 0 6 6 0 0 6 0 0 0 0.775738 0 6 0 6 6 0 6 0 0 0 6 0 5.05468 0 0 0 0 6 0 0 6 0 0 2.71451 2.69643 0 6 0 3.068 3.86677 6 0 0 0 0 0 3.32521 6 6 0 0 0 2.09562 1.08495 0 6 0 0 4.80927 6 0 0 0.695094 2.45262 1.19708 0 0 0 1.07909 0 1.53956 0 0 0 0 0 0 0 0 3.49814 0 1.71028 4.64448 0 6 4.80919 
6 3.66804 6 0 0 6 0 0 5.00868 0.829951 6 0 0 0 0 0 0 0 2.60746 3.65269 0 0 6 0 0.805944 5.50167 6 0 0 0 6 0 0 6 0 0 0 0 6 0 0 0 6 6 4.21179 6 0 6 0 6 1.77832 6 6 0 0 0 0.0563498 6 6 1.00286 0 0 0 0 0 3.80786 0 0 0 1.29073 0 0 0.242781 0.402757 6 0 0 6 2.94954 0 5.18612 3.13245 6 0 0 0.331566 0 0 5.70138 3.06732 0 0 0 6 0 0 4.2059 6 3.7857 6 0 6 6 1.00586 5.53667 0 3.17906 0 2.25818 0 1.85444 6 0 0 0 0 0.728668 6 6 0 6 0 4.55457 6 0 0 6 0 
1.38675 6 6 0 0.590533 5.09243 6 0 0 1.50791 3.40302 0 0 0 0 0.1756 0 6 0 0 6 5.19758 0 0 0 6 0 0 0 5.41247 6 2.7652 0 6 1.85807 6 4.72852 0 1.9104 6 3.60855 6 6 0 0 0 2.06595 2.40435 6 6 6 0 3.37482 0.533751 0 6 0 0 6 6 6 2.56466 4.16016 0 6 0 1.50532 0 6 3.96411 4.75599 0 4.24493 4.58885 4.83338 0 2.34766 0 0 4.9589 4.23741 0 0.328144 0 0 6 6 0 5.87169 5.41333 1.90132 0 0 0 1.63896 5.96356 6 0 0 0 0 0 1.69806 0 0 3.68113 6 6 1.96493 4.53302 6 0 6 0 0 6 6 0 0 0 0 0 6 6 0 1.73651 5.51826 5.47784 
6 0 6 0 0 0 0 0.472169 0 0 0 0 1.2663 2.62621 0 6 0 5.85498 4.60884 0.769954 0.616612 3.40386 6 3.68412 0 0 0 1.87742 0 0 0 0 0 0 6 3.29565 0 0 6 0 0 0 0 6 0 6 0 4.97174 0.0165148 0 6 0 0 5.23267 5.42047 1.89788 0 0 0 0 2.65447 0 0.61721 0 1.56369 0.962607 0 4.91287 0 6 6 0 0 1.08362 0 3.35983 6 0 1.80106 0 0 6 3.69264 2.2222 6 2.92809 0 6 6 0 0.491172 0 6 6 6 0 0 0 5.78895 0 5.14274 0 6 0 0 0 6 0 0 0 0 0 0 6 0 0 0.244121 2.93174 0 2.33595 0.363655 0 0 0 5.1601 5.76629 0 0 
3.01405 0 0 0 0.677914 0 0 0 0 3.51038 0 0 0 4.58624 0.964863 0 6 2.27261 0 0 6 0 0 0 0 6 5.0793 6 1.6457 0 1.95071 5.51382 0 6 0.905208 0 5.89009 0 0 0.564841 0 0 0 0 6 0 1.90507 0 1.06381 0 6 6 3.43604 6 4.68841 0 0 0 0 0 2.89134 0 0 5.21099 1.07872 0 6 0 6 1.16677 6 0 6 1.60594 0 0 5.70631 5.99428 5.8323 3.43445 2.75152 4.78917 0 6 6 4.60404 0.160229 0 6 2.37693 6 0 4.03322 6 0 1.36681 0 6 0 6 0 2.14468 5.71551 0.552236 1.42615 6 0 3.98979 0 1.73326 0 0 0 0 0 5.17948 0 0 0 6 0 0 0 0 0 0 6 0 
4.90964 0 6 0 0 6 0 0 0 4.61948 0 4.24335 0 6 0 4.39882 0 3.76276 0.718452 0 3.46528 0.966578 5.26253 6 0 5.33015 3.78839 0 6 6 0 6 0 6 3.39499 0 0 3.80647 0 0 0.485627 1.93948 0 0 4.00541 0 0.895586 0 1.08107 6 1.73001 0 0.328984 6 4.41617 2.62032 0 6 0.340558 3.76828 0 6 0 0 0 6 0 0 0 0 0 0 0 6 3.49151 1.86008 2.37339 6 0.0241966 6 6 0 0 0 5.18427 0 6 6 1.1154 6 0.75771 0 6 6 0 6 0 0 6 6 0 0 6 6 5.10606 0 0 0 6 4.49603 4.7229 0 0.963921 0.618411 0 3.82687 0 6 0 0 6 0 0.51161 0 6 0 6 0 
4.39963 4.53971 0 0 0 3.19165 2.04753 0 0 0 1.74355 3.91542 6 6 0.67942 0 6 6 6 0 0 6 0 0 0 6 0 0 5.5146 3.84565 0 4.08072 4.62709 6 6 4.45598 0 2.03399 5.2728 0 0 6 6 0 1.47833 6 0 0 5.99892 3.77026 6 6 0 0 6 0 0 0 0.00888538 6 6 0 0 0 2.17127 0 2.83041 0 6 0 0 6 2.32505 0 0 2.75498 2.87085 0 6 0 0 0 4.23723 0 0 6 6 0 0 1.24086 0 5.36296 0 6 4.80805 6 2.45721 0 1.13234 0 0 0 1.19427 0 6 2.68224 0.346107 0 6 0 0 6 0 6 0 0 0 0 0 0 0 0 6 4.22879 0 0 6 0 
0 0 3.94085 0 6 0 0 2.8531 0 0 0 3.69912 0 0.0111818 6 0 4.83952 0 0 4.81864 6 0 0 0 4.27241 6 0 0.807449 0 0 0 0 6 0 0.125307 6 0 0 0 4.0841 1.43088 6 0 6 0 6 0 0.0816603 0 0 6 0 6 0 1.34198 0 6 0 0 6 0 6 0 2.37144 0 0.969905 1.186 0 0 0 2.73866 6 5.99928 6 5.14873 0 0 6 2.89494 0 0 6 6 0 4.68641 4.48451 0 1.51772 6 0 3.33505 0 0 0.544621 0 6 0 0 6 1.25231 6 0 0 0 0 1.0899 0 0 3.70247 6 0 0 6 6 6 4.82416 0 6 5.46285 0 0 0 0 6 0 3.39703 0 0 
0 6 0 6 2.01465 0.27186 6 0 0.347626 2.56255 6 6 0 2.52749 0 5.32824 0 6 0 6 6 6 0 5.7437 0 0 0 6 0 6 0.120863 0 0 6 6 1.31248 0 5.55464 0 0 0 0 0 6 0 0 0.973082 0 1.84467 3.29458 0 0 4.59363 5.07073 3.77129 4.11976 0.874569 0 0 0 1.41901 6 0 3.14511 0 0 0 4.17726 6 6 0 6 0 2.99657 3.42977 4.10653 0 5.27643 0.962535 0 5.0492 1.98438 0 0 0 4.0068 2.25061 5.94044 0.901465 0 0 0 0 0 0 0 0 4.3449 4.73893 6 6 1.23374 0 0 0 0 0 0 0 0 0 3.65767 0 0 0.00320625 0 0 4.45941 6 2.66036 0 6 0 0 0.302082 0 1.67229 6 
5.60151 4.52274 0 0.294398 6 1.9855 0 0 0 0 0 0.589657 0 6 5.57303 5.89142 0 0 0 0.950183 6 0.558421 5.38726 3.6716 6 0 0 0 5.2843 0 5.00786 6 0 1.39286 6 6 6 6 0 0 0 6 0.285405 0 4.72826 6 0 3.12362 0 6 0 0 6 6 0 0 0 3.8921 0 1.54797 0 0 0 0 0 0 0 0 6 1.3414 4.85929 0 0 0 0 0 0 0 1.67491 0 0 2.17317 4.44716 3.40743 6 6 1.78209 0 0 0 0 0.40659 0 1.28283 0.550288 6 6 0 0 0 0 6 1.10266 0 0 0 2.127 6 0 4.56227 0 3.95695 4.45797 5.0872 0.622217 0 0 3.69168 6 2.64314 3.31834 0 6 1.80927 6 0 0 2.16371 
5.4349 4.39683 0 2.73835 3.43597 6 2.38855 4.44629 6 0 0 0 2.13065 6 2.67929 0 0 6 5.94284 1.34407 6 6 5.05712 0 6 0 0 6 0 4.05432 0.984496 6 0 0 0 4.80229 0 0 1.23775 2.86993 0 0 0 4.85696 0 6 6 6 0 0 5.78647 0 0.332285 4.71843 2.61126 6 0 6 6 0 0 6 0 0 4.83192 0 0 2.23865 4.90856 0 6 4.99939 4.68496 0.168294 6 6 0.772599 5.07681 5.9015 6 0 0 0.0143995 2.01286 0 0 0 0 0 0 0 0 0 6 2.61936 3.6565 0 0.775072 6 4.61648 6 0 0 0 0.891146 0 0 0 6 6 2.59143 0 1.45436 3.46102 6 0 0 6 4.91606 4.27514 0 1.31352 0 1.6997 6 6 4.14625 6 
6 0 0 0 0.794097 6 0 6 5.49599 0 0 5.40554 0 4.82511 0 0 5.34345 6 5.88132 6 0 0.0607262 0.625154 6 4.21552 0 0 0 6 6 0 6 4.50736 0 2.64815 6 0 0 0 6 0 6 3.87494 6 6 0 0 0 4.37601 6 6 0.647535 3.12612 0.680303 0 0 0 0 0 4.4213 6 0 0 6 6 1.94006 6 0 0 0 0 1.15796 1.90561 6 0 1.43278 0.646511 5.91045 0 6 3.8153 3.71463 0 6 5.70361 0.497871 6 3.46336 6 0 0 6 0 5.15171 4.72369 0 6 0 0 6 0.275322 6 0.678398 1.83753 3.28018 0 0 0 1.93657 6 0 6 6 0 0 6 0 4.74143 6 6 0 2.87921 0 6 0 0.16143 0 2.1155 
0 0 0 0 0 6 0 6 5.05868 1.22893 0 6 0 0 4.22748 0 3.49123 0 0 5.47447 6 0.584039 0 6 0.634359 1.66961 1.11945 0 0.647558 3.50351 3.43245 6 0 1.84296 0 1.49814 0 4.47448 2.58615 5.45339 0 0 6 4.49098 0 0 6 0 4.29066 0 3.83412 0.0658703 6 2.81397 0 0 0.793914 3.30429 0 6 2.15394 1.18696 6 1.59998 0 0 5.74293 1.49126 3.64303 6 3.72651 0 0 4.51377 2.92087 0 6 0 0 1.05659 0 6 6 0 6 1.80477 0 0 6 6 1.66782 0 0 6 4.29718 2.77526 3.78029 0 0 0 0 0 4.43848 0 0 6 5.90811 0 0 0 0 0 5.06051 0 0 0 6 5.82982 1.83667 6 2.05328 6 6 0.535414 0 0 0 2.41317 
0 6 4.64512 0 0 0 6 0 2.98946 3.79119 0 2.06843 4.16977 1.31111 0 0 6 0 0 0 0 6 0 0 0 0.2654 0.58007 6 6 6 0 5.10584 0 6 0 0 3.62466 0 0 3.37569 0 5.95492 4.27697 3.10974 5.35959 0 0 2.27589 0 0 0.685338 0 0 5.47407 2.64207 5.31471 4.41531 6 0 1.2306 2.7012 0 0 5.56884 0 0 6 6 0 0.312531 0 0 6 6 0 5.74473 0 0 0 6 0 0 0 0 3.01072 1.22508 6 4.71153 6 6 2.59666 2.08202 0 0 6 6 0 0 0.106606 0 6 1.36492 0.285499 0 4.29978 6 0.259375 0 0 1.07678 0 0 3.43557 1.65361 0 0 0 0 0 1.37642 0 0 0 0 0 0 4.22987 0 
2.67974 0 0.351844 0 5.94263 0 1.86412 0 0 6 0 2.43565 0 6 3.23315 0 0.0346985 3.17995 5.39904 1.68203 6 6 0 6 4.66126 1.85681 6 0 1.11055 5.02423 2.17293 0.369934 0 6 6 0 2.61814 3.01523 0 6 2.79552 4.30452 6 0.843577 0 0 1.84739 6 6 6 6 6 0 4.7265 0 3.02372 0 0.800793 0 0 0 3.71812 0 0 0 4.99594 6 6 3.03638 0 4.4785 0 0 0 3.77845 4.39196 0 6 6 6 6 0 6 0 6 6 0 0 0 1.07802 0 0 0 6 5.52537 4.86817 0 0 0 0 0 0 0 5.62764 3.71119 0 6 6 0 0 0 0 0 5.59736 0 0 0 0 5.7344 0 0 5.66224 5.31577 2.14626 0 6 0 6 
0 0 0.739497 6 1.21658 6 5.94065 4.56624 4.81182 0 6 4.51532 6 0.0904093 0 2.78953 3.64035 3.42174 6 0 6 6 0 6 0 0 0 4.42904 0 5.54946 6 0.48174 0 3.48295 0 0 3.96717 0 6 6 0 0 0 0 0 4.83844 0 4.03008 0 6 6 6 0 0 5.35837 0 0 0 3.26594 0 0 0 0 0 0 0 0.802199 2.58157 6 4.26216 0 0 5.0207 2.88567 0 5.37199 6 6 5.45871 4.59603 5.54824 6 6 0 0 0 6 6 6 0 0 0 0 0 4.54601 4.75936 0 0 6 0 0 0 0 0.111243 6 4.98448 0 0 5.69805 6 0 0 0 5.86763 0 6 0 2.08875 5.56914 0.6134 6 2.1057 0 6 0 0 4.1341 1.79573 
0.819244 6 0.370905 0 6 1.5715 0 0 6 0 0 6 6 2.14345 4.94902 0 0 6 6 0 6 2.09352 5.86425 0.443121 6 0 6 0 0 5.05899 6 0 3.39338 0 0 6 0 0 6 0 5.2685 6 0 0 6 0 4.93221 0 0 6 0 4.65993 0 0 0 5.46938 3.80612 6 1.3322 0 3.90427 0 0 0 1.13476 0 0 0 0 0 0 6 4.43181 5.45468 0 0 0 1.80039 0 0 0 0 0 6 6 0 0 6 6 6 5.52052 3.36874 0 6 0 0 0 1.67272 0 0 0 0 0 0.293929 0.0650873 0 0 0 6 6 0 0 6 0 1.12274 6 0 0 0 0 6 0 6 6 0 0 0 4.96377 
6 0 0 0 0 0 1.39793 0 0 6 0 0 0 0 0 6 4.08312 5.07408 0.0408525 6 6 0 0 0 0 0 0 2.04677 0.045435 3.62566 0 6 2.39739 0 6 0 0 1.30535 0 1.34749 6 1.76003 0.9019 0 6 6 0 6 5.26743 6 0 3.45322 0 6 0 0 0 6 0 0 0 0 0 0 0 0 6 0 0 0 0 4.01822 0 0 4.83602 0 4.2303 0 0.5273 2.32784 3.93814 6 6 6 2.4058 0 0 0 0 0 6 0 0 6 0 0 0 0 1.43017 0 3.58614 0 2.83537 0 0 0 6 6 6 0 0 5.41814 2.6934 6 0 6 6 0 0 0 6 3.13391 0 0 6 6 5.2056 0 
4.03501 0 4.73261 0.961457 0 0 6 4.87675 3.57149 5.97185 6 0.513177 4.96392 6 0 6 6 6 0 3.3469 0 0 4.46978 3.6749 4.13536 3.07641 5.21898 0 0 1.203 0 0.58745 0 0 0 0 0 6 0 6 0 0.475421 0 0 0 3.79794 0 6 0 0 0 0 0 0 3.73049 0 0 0 4.1526 0 0.881536 0 0 2.24204 1.98376 1.13392 0 0 5.66189 0 6 6 0 1.26518 3.83197 3.87439 0 0 0 0 6 0 1.01488 0 1.79524 0 0 6 0 0 0 5.39447 4.92053 0 5.16755 0 0 0 5.4383 1.59288 0 0 0 0 2.39734 0 0 0 0 0 0 4.29225 0 0 6 6 5.21146 6 0.909468 5.43003 2.45177 6 6 2.26768 0 0 6 0 
5.99157 0.283612 6 0 6 0 6 0 0 3.0079 0 6 0 0 5.71087 2.66343 4.20477 6 0 0 0 6 1.39875 6 0 0 6 0 6 0 4.84918 0.225225 5.3621 0.76967 0 6 0 0 0 0 0 0 1.59976 6 0 3.52868 6 0 5.66455 4.0959 0 1.95188 5.22313 5.07789 4.09405 6 0 0 6 0 6 6 0 0 6 0 6 0 6 6 2.78564 0 0 0 1.1508 1.52181 0 0 6 0 0 5.18914 0 6 5.83399 0 0 6 0 0 0 6 0 3.14344 0 2.06645 0 0 4.33757 1.48833 0 6 3.91819 0 0 6 6 0 0 0 0 6 0 0 0 0 1.93034 3.2775 4.8819 0 3.57338 0 2.83564 0 1.19154 6 2.81156 0 
0 3.92446 0 0 3.43679 2.09139 0 2.19012 6 3.26771 0.470857 0 0.776323 6 0 0 0 0 5.8393 1.11393 1.76462 0 3.39532 5.07275 0 0.625937 0.125181 3.92896 0 6 0 0 0 0 0 0 3.99553 0 0 5.91544 0.775859 0 6 2.84465 0 0 0 6 0 0.630338 0 0 1.67688 3.37438 0 0 0 6 6 0 0 0 5.75634 6 0 6 0 0 6 6 0 0 0 0 6 6 6 0 1.80767 1.44258 5.53215 0 0 0 2.66241 6 5.93108 3.66486 0 0 0 6 0 0 1.25718 6 4.55585 0 0 0.607253 6 0 0 6 0 1.74649 0 0.378479 1.09035 5.42617 0 0 0 6 0 0 0 0 0 6 0 0 6 0 1.46285 6 5.84645 1.22569 
0.0915213 0 0 0 0 0 0 6 1.98348 0 0 0 0.221895 6 0 1.29402 6 0 6 6 2.79882 0 0 0 0 6 0 0 6 6 0 0 2.41663 0 3.52817 0 6 0 3.19108 0 0 6 2.95719 1.53807 0 5.07802 6 0 1.02741 6 0 0 2.95576 0 2.58827 0.99919 0 3.50248 6 6 6 2.51308 0 6 0 2.81485 6 0 6 0 6 0 4.41605 0.506884 0 5.3077 6 0 5.70848 2.3833 0 0.604206 0 6 0 3.54107 0 0.414838 0 1.21718 0 6 0 3.94754 6 2.26721 4.95316 6 0 5.58415 0 0.367447 0 6 2.14405 0 3.79812 0 4.38729 0 6 6 0 0 0 6 0 0 6 6 1.00104 4.45032 0 0 0 2.05222 0 6 
1.1185 0 0 0 0 0 0 6 6 0 0 5.35842 0 4.37999 0 0.207974 0 0 0 0 0 0 6 3.88029 0 6 0 6 0 2.45996 4.60155 0 0 5.40356 0 0 0 4.89031 0 3.19316 6 0.776825 0 1.37582 3.39499 0 6 5.01686 0 0 0 5.8477 2.25154 1.62088 2.12152 0 0 0.14425 4.4169 0 3.59326 0 0 6 0 0 0 0 0 0 0 0.404653 0.984421 5.16148 6 6 0 0 0 0 0 5.242 2.35906 6 3.57933 0 6 0 6 0 0 0.14353 0 0 4.40195 3.54211 0 3.81966 0 6 0 0 6 0.64535 6 0 0 0 6 2.92898 6 0 0 6 1.52509 0 0.646195 0.608715 0 6 5.04293 0 4.50646 0.000545502 6 0 6 0 
5.59285 0 0 0 6 0 6 0 6 4.65878 0.147744 3.13346 3.98506 0 6 2.98123 5.49674 3.74571 0 6 0 0 0 0 0 0 6 0.185863 3.81601 0 0 4.03141 0 0 0 4.83841 0 0.975746 0 3.22307 0 0 0 6 0 0 2.99827 0 0 0 0.66291 1.54892 0 3.785 0 0 0 2.71184 0 0 3.77223 0 0 6 0 3.02929 0 6 6 3.50797 0 0.0392237 0 0 6 6 0 0 5.99718 0 6 0 6 0 0 3.51957 0 0 6 0 6 0 4.32735 6 4.01415 5.86717 6 0 0 6 0 0 5.8521 0 0 4.74824 3.61175 2.66494 6 6 0 0 6 0 0 0.756107 6 6 3.4626 0 0.468184 6 6 0 0 6 0 2.85946 
0 0 6 6 0 0 0 0 0 0 6 0 5.09327 2.51591 4.91649 0 0 0 0 0 1.14343 0 0 6 0 0 6 0 0 0 6 0 6 6 0 0.655128 0 0 0 0 3.8945 0 6 0 0 0 0 5.97496 1.12594 3.71124 0 0 0 2.58484 3.33607 6 0 3.73441 4.27805 1.17613 6 0 6 2.16673 0 0 0 6 0.233335 1.66974 3.39535 5.71968 0 0 0 2.4688 0 0 0 0 1.68208 0 6 0 1.72619 0 0 3.12353 0 0 0 0 0 4.01197 6 0 0 2.44821 6 0 2.09142 0 0 0 0 0 0.532265 5.7693 4.58945 0 4.65087 6 0 4.26997 5.32805 6 0 0 6 0 4.95001 0 0 3.96575 0 6 5.29285 0 
5.80079 0 5.95883 0 6 3.78754 0 0 6 0 0 6 6 3.91946 0 0 0.705608 0 1.40906 2.01024 6 4.80961 0 0 0 0 1.03348 6 0 1.74452 0.163748 0 0.488143 4.21831 0 6 0 0.884174 0.316049 0 0 0 6 0 0 6 6 6 0 5.05663 6 0 1.89845 6 0 6 0 6 0 0.959496 6 6 0 2.55524 5.9775 3.87169 0 6 0 6 5.11036 6 5.44943 6 0 0.5848 6 0.478521 2.51096 1.70747 0 0 0 0 2.55539 6 6 0 6 0 0 2.30683 0 1.84152 0 6 0 0 0 6 0 1.75074 4.60211 6 0 4.21175 6 0 1.00058 0 0 6 6 6 0 0 0 6 5.67832 0 0 0 0 0 0 2.66305 0 6 
6 0 6 2.75181 6 0 0 6 0 0 6 6 0 0 0 0 6 5.21863 6 0 6 3.97923 0 0 5.73847 6 0.720449 6 5.33054 0 1.69542 0 1.32486 6 6 6 6 0 0 0.221161 0 0 0 6 1.35991 0 0.519506 0 6 4.36714 0 0 6 6 0 0 0 3.54919 0 6 3.15769 0 0 0 2.9561 3.11714 6 0 1.50389 0 0 0 0 0 0 6 0 0 1.03236 0 0 2.42455 6 0 0 0 0 6 0.735137 0 0 0 0 0.141139 0 0 0 6 6 0 0.810434 0.986058 0 0 0 0 2.47622 0 1.15435 1.14544 0 2.58118 1.96058 0 0 5.18885 6 0 0 5.78982 6 6 0 0 5.4184 6 6 0 
0 0 0 0 6 0 0 2.44986 0 0.948421 0.133677 6 2.11247 4.21481 0 6 6 0 0 0 0 0 4.77581 6 0 0 6 0.520448 6 4.90951 0 0 6 0 0 0 0.134934 6 0 2.17214 6 0.843462 0 0 6 6 3.35553 0 1.40687 5.26105 2.46413 0 0 0 0 0 0 0 0 4.72954 6 4.46749 5.06884 0 0 6 0 6 0 1.38714 0 1.46997 5.83598 5.37953 0 0.465919 0 0 0 0 0.0850639 6 6 0 6 0 0 0 6 0 2.44018 0 6 0 5.05296 5.15476 0 3.79726 0.546446 4.10822 6 5.61932 3.88637 0 6 6 6 0 0 6 0 0 0.494973 0 5.39245 0 6 6 0 0 0 6 6 1.16959 0 0.0345459 0.606952 1.03581 
6 4.10037 0 0 1.42804 1.09695 0 0 0 0 0 0 4.3228 0 1.49566 0 0 6 0 0 0 0 0 0 6 0 0 0 0 6 5.16344 1.93927 0 1.01734 0 0.746688 6 0 4.29676 0 0 0 0 0 0 0 6 0 0 3.94132 1.75915 6 0 0 3.71097 0 0 4.5978 0 0.424255 0 4.58272 1.85574 6 0 0 0 6 1.52707 5.55171 6 0 0 3.32537 6 0 6 6 5.9585 4.50057 1.12799 0 0 1.70432 4.45631 0 0 0 2.91952 6 0 6 0 6 6 0 0 0 6 0 0 6 6 6 3.23945 5.49179 0.570662 0 3.7848 0 0 1.88512 3.27913 0 1.83029 1.75263 0 5.5452 0 0 0 5.88828 4.24104 0 0 0 0 0 
0 0 5.226 0 5.75165 6 3.23864 0 0.954805 6 1.44283 6 1.87721 0 0 0 0 6 6 5.47118 0 4.5017 0.116951 5.59428 3.11509 0 6 0 0 0 6 0 0 0 0 0 2.81911 0.868375 0 6 1.08355 0 0 0 0 6 1.04256 2.24627 0 1.62639 0 0 5.04479 6 6 0 2.58523 6 0 6 0 6 3.87386 6 0.718237 0 6 6 0 2.09443 1.13021 0 0 4.42751 0 6 0.672636 4.99841 6 0 0 0 3.58209 4.11739 0.964782 0 0.169788 0 6 6 0 0.407909 0 2.00519 1.1455 0 2.45547 6 0 0 0 6 0 6 0 0 0 6 1.60775 1.37596 5.74619 0 6 0 0 0 6 0 0 2.06068 0 0 0 6 5.3613 6 0 4.52524 
0 6 0 0 0 0 0 6 5.49954 0 0 0 6 6 4.20968 0 0 0.409952 0 6 6 3.69959 0 0 0 1.06598 0 0 0 3.8591 0 5.25464 0 3.71895 4.44525 0 6 6 0 0 0 0 2.28476 0 1.65138 0 0 3.40469 2.56873 0 0.784513 5.30398 3.95051 0 1.56064 6 0 0 0 2.76305 0 4.85048 2.04045 0 0 0 4.39618 6 0 0 3.80913 0.000370979 6 2.79526 0.0203695 2.34441 2.49021 0 1.29015 3.5888 0 0 2.35708 0 0 2.77946 0 0 0 1.82862 0 4.95254 0 2.26405 0 0 6 6 0 5.97639 5.16855 6 0 0 0.494151 5.20524 4.39708 1.70364 0 0.310742 2.6601 6 0 3.46411 1.23051 1.16065 6 1.9947 4.87688 5.64986 0 6 0 6 0 4.16661 6 1.52099 
3.21849 0 0 2.5702 0 1.74159 0 0 6 5.0792 6 3.51999 0.564495 6 6 1.36037 3.76004 0 0 0 0 0 0 6 5.15168 4.30764 0 0.309167 0 0 6 0 0 6 0 0 0 0.646234 1.25423 0 6 0 0 4.26014 0.24049 1.92895 0 1.54 2.73737 6 0 5.33709 0.547173 0 0 4.76478 1.71364 1.16731 0 5.16106 1.92696 6 6 6 6 0.732752 0 6 0 0 4.06939 0 3.85357 6 0 0 0.949423 0 0 0 6 0 6 6 2.06996 6 0 0 3.71235 0 6 4.37785 0 0 0.997304 1.68879 3.47789 0 6 0 5.31008 6 2.0264 0 0 2.86275 0 0.763659 0 6 0 6 0 3.23526 0 4.15418 0 0 1.87889 0 6 3.02296 6 0 0 2.66359 6 0 
6 0 2.23847 1.95082 6 0 0 1.2906 0 6 6 1.07491 5.93757 0 6 0 6 0 0 6 5.17837 0 0 0 0 6 2.3735 0 0 6 0 0.253872 6 0 0 2.8523 0 0 6 0 0 2.2686 6 5.92146 1.92151 0 5.87491 0 0 2.03902 6 0 0 0 0 0 6 2.9592 0 2.21364 4.64427 0 0 0.890295 3.18678 0.301255 3.19563 6 2.72378 0 0 6 0 3.30638 0 0 0 0 6 0 0 0 0 6 1.97798 3.90349 5.93302 0 0 0 3.53741 0 0 3.12505 2.72082 6 0 6 0 0 6 0 3.06038 0 0 0.575505 0 0 0 6 5.08628 5.09204 1.92755 0 5.8889 0 0 0 0 0 0 6 0 1.73376 0 0 0 6 
6 0 0 6 0 0 0 6 0 0 0 0 0 6 6 6 0 0 0 0 0 0 0 5.02006 0 6 6 6 0 0 0 1.22902 0 5.78749 0 0 0 0 6 0 6 0 6 6 2.35105 0 4.17757 0 0 0 0 0 4.20896 0.041585 0 2.02592 6 0 6 6 0 1.62089 2.35663 6 0 0 6 0 0 4.93224 0 4.27183 0 2.84753 0 0 0 2.2002 0 0 0 0 0 0 0 3.18178 0 1.22422 0 6 0 0 6 0 0 3.74002 0 0 3.42968 2.71453 3.0757 0 5.45007 0 0.968324 0 6 0 0 0 0 0 0 2.24073 0 6 1.72933 4.80528 2.41806 0.259776 6 6 0 6 0 4.35827 6 5.72381 
0.0239277 2.14883 0 0 0 0 0 2.56198 0 0 0.86723 0 2.56156 0 0 3.56665 4.6853 5.85603 2.29158 0 0.169474 6 0 0 0 5.65352 0 6 0 0 0 0 4.49753 0 6 0 0 0 6 0 0.148992 4.10108 6 0 0 0 0 0.977015 0.694506 0 6 0 6 0 0 0.621626 6 0 6 4.52949 6 0 6 0 4.41308 0 0 4.11457 0 6 6 0 0 4.1221 0.0898447 0 0 0 0 0 0 3.42733 3.14769 3.26472 0 3.01612 0 0 0 0 0 0 6 6 0 6 2.66783 0 0 2.93308 0 0 6 0 0 1.16997 3.6187 0 6 6 6 0 2.36462 2.17905 3.31706 6 0 0 6 5.47999 2.25156 1.99028 0 0.985579 4.61158 6 0 0 
6 0 6 6 0 1.14405 6 0 0 6 0.761446 0 0 0 4.71879 6 0 0 6 0 0 0.411648 0 0 0 5.51258 6 0.970985 0 0 1.54204 0 0 0 0.775457 0 0 0 6 0.567298 0 6 5.26561 0 0 0 0 6 6 6 0 6 0 6 0 1.13994 0 0 6 6 6 0 5.46281 0 0.676491 6 0.253201 0 6 0 0 0 0.327727 6 6 6 3.10977 5.9234 0 0 3.43139 0 6 6 3.88717 0 0.75029 0 4.07016 6 0 3.59498 0.832528 0 0 0 0.883634 0 0 0 0 0 0.261669 0 0 0 2.16315 0 0 0 0 0.617248 0 6 3.55885 0 0 0 4.14769 0 0 2.0719 2.40766 5.56175 0 0 0 6 
4.40814 6 1.28051 1.55572 6 0 6 0 1.43723 0 0 0 2.44745 0 6 0 0 0.372139 0 3.16345 6 0 6 0 0.053648 1.65057 1.07416 0 1.08597 0 6 6 6 0 0 0 0 6 0 1.22317 0 0 3.01428 1.02261 6 2.28787 0 4.84945 4.63898 6 0 0 6 3.90489 6 4.33801 6 6 0 0 0 0 0 0 0.90362 6 0 0 6 0 4.3454 0 0 0 0 0 4.01795 6 0 0.654693 3.41147 0 0 0.464053 0 0 0 0 0 0 6 3.7075 0 6 0 6 6 0 0 0 4.04369 2.29565 2.99061 3.22501 2.66679 0.756083 6 6 0 0 0 0 6 0 6 0 2.61474 5.9264 5.09578 4.72399 0 0 5.8617 0 0 4.78725 0 3.87965 
5.20491 0 2.87832 0 0 0 4.45459 6 4.36025 2.75899 0 0 0 6 0 2.5722 0 0 6 4.27741 0 0 0 0 0 0 6 1.46618 2.01961 3.62426 0 0 0 0.194432 6 2.49917 3.60594 5.10893 5.81657 0 0 0 0 4.95395 1.08192 3.8855 3.55561 0 0 0 0 6 0 0 0 0 0 3.4884 6 0.221366 0.496366 2.42776 3.379 0 0 2.60256 1.30864 0 0.48101 4.34212 0 0 0 6 0 0 0 0.758762 0 6 0 4.16057 6 0 0 0 0 0 2.02007 0 1.37305 0 0 2.01519 6 0 0 1.8115 5.83059 0 6 1.86586 0 0 5.9741 6 0 6 6 3.81797 6 0.132537 6 0 0 0 0 5.41576 2.76828 6 4.22008 6 0 5.14681 2.42065 3.85625 0 0 
6 6 0 4.51111 0 0 6 5.1314 3.46847 0 0 0 5.34619 0 1.64292 0 2.87764 4.47566 2.48485 2.9105 0 2.38355 0.363693 0 0 2.39509 0 0 5.99272 0 6 0.348329 0 0 5.14811 4.34716 2.75427 0 1.56488 0.865535 6 0 5.47918 6 0 0 0 0 0 0 0 0 0.75246 6 0 0 0.642067 0 0 0 0 0 5.04455 3.83245 0 6 3.38428 0 0 0 6 6 0 0 4.47384 0 3.56288 1.3969 0 0 0 5.93811 1.74113 3.18887 0 0 0 6 0 0 0.786433 0 0 0 0 0 0 6 3.87891 0 6 0.818881 2.9254 6 4.25742 0 0 0 0.797215 0 6 0 0 0 0 0 6 0 4.65826 0 6 3.06491 0 0 1.21253 0 3.53829 6 
0 0 0 0 6 2.82101 0 0 0 3.80314 0 0 0.370016 0 0 6 6 0 6 0 6 0 0 0 6 0 0.693037 6 4.55575 6 3.62852 4.52239 6 3.78387 0 2.80859 4.02061 0 6 0 6 2.63171 0 0 0 6 0 0 0 6 0 6 6 0 1.06317 6 6 3.90417 0 0 1.97004 0 0 6 3.54632 3.01263 0 2.98264 6 0 0 4.30834 0 0 0 1.93345 0 6 6 5.08606 1.33898 4.29662 0 4.80464 0 0 0 0 2.66619 0 5.22951 0 0.611688 0.632021 2.38155 6 6 0 0 0 6 0 1.05751 0 0 6 0 0 0 1.30018 0 4.42038 0 0 0 0 0 0 6 2.44779 0 0.0465689 2.68255 5.67962 0 0 0 5.16487 
5.89156 0 0.881707 0 0 5.40424 6 2.60815 0 6 0 3.50154 0 3.4421 0 0 0 0 0 6 5.23107 0 0 6 0 0 0 6 6 0 5.07161 0 0 0 6 6 0 5.56291 0 0 4.24054 0 0 4.8436 6 1.67666 0 0 2.44546 0.778526 4.69757 0 0.847613 5.84479 0 0.842883 6 4.07826 3.3253 6 2.34476 6 0.461563 0 0 0 0 0 6 0.214273 1.29591 0.360912 5.84667 4.96794 0 0 2.63603 3.81359 0 0 3.61986 0 0 0 0 6 0 0 0 0 6 6 6 0 0 4.80821 0 0.0436659 0 3.83119 0 6 6 6 5.74925 6 0 1.13596 0 0.34234 0 0 0 0 0 0 6 0 5.76947 6 0 6 0 0 6 0 0 3.62466 
0 0 0 0 5.61526 0 0 0 6 0 0 2.47242 0 1.4286 0 0 6 6 0 4.52065 0 4.28242 0 0.963093 6 0 0.747778 6 6 6 0 0 0 1.19425 0 5.68025 6 0 0.367157 0 0.812923 2.80845 1.68052 4.51851 2.65859 2.85311 0 0 4.85106 0 4.6084 0 6 6 0 0 0 6 0 0 0 2.82034 1.51121 0 0 0 0 0 0 4.50882 0 6 6 5.76878 0 2.10307 6 2.27473 0 0 0 5.67091 0 6 0 0 0 0 0 0 0 6 6 6 6 0 5.0007 6 0 1.40234 6 0 0 2.98578 1.98526 6 1.05431 0 3.84985 4.48711 0 0 0.254268 0 2.72564 6 0 0 0.254618 0 0 6 2.16969 6 4.69294 0 0 6 
0 6 0 0 0 0 0 0 0 0 1.4157 0 3.2748 0 1.29709 0.192462 0 3.51807 6 0 0 0 0 6 0 0 4.66044 6 1.02324 0 0 4.88018 1.18703 0 3.70526 0 6 4.78255 0.29041 0.938745 0 0 5.31096 1.24148 5.62066 6 0 6 0 0 3.88346 6 0 6 0 0 0 0 0 4.60339 6 0 0.550856 0 0 0.935273 0 1.05818 4.80907 6 0 6 6 0 3.11103 6 0 6 1.66743 4.59175 0 0 4.08879 0.215963 6 3.16438 3.70451 1.62948 6 0 0 0 6 0 6 0.3329 0 0 5.17368 0 0 0 4.04492 2.95273 6 3.02451 0 0 0 0 6 0 0 0 6 0.554363 0 1.76973 3.89903 0 3.84243 0 0.838766 0 6 0 6 0 
5.64752 0 0 0 0 0 0 2.91683 3.24136 0 0 1.64784 0 0 0 6 0 6 0 2.12392 0 0 4.10104 6 0 1.34283 6 6 2.61395 0 4.45453 6 4.86822 0.164852 0 0 0 0 5.53151 6 0 6 2.20042 2.41013 6 1.27409 0 0 0 4.97324 5.20741 0.874063 0 3.34192 6 0 6 0 2.55919 0 0 5.92892 6 0 0 0 3.50921 0 6 0 1.1304 0 0 0 0 0 1.67819 5.40216 0 0 6 0 2.4586 1.76029 5.17619 0 0 0 4.22508 0 0 4.91712 1.97636 0 4.09494 3.72956 2.67125 0 6 0 0 0 0 2.14552 0 0 2.71102 4.05157 0 0 0 0 0 0 0 0.997258 0.913979 1.23687 6 0.555111 6 6 6 0 6 0 0 0 
0 0 0 0 5.59635 0 5.08584 0 0 6 6 6 6 2.85824 0 6 0 0 0.901375 6 0 6 0 6 0 2.73808 0 3.41313 4.44092 0 6 6 0.736005 0 0.959282 2.64508 0 3.56237 0 2.27106 6 6 5.69125 0 6 5.79022 0 6 0 4.17649 0 0 2.68478 3.13381 6 0 0 0 5.73202 0 3.02534 6 0 6 6 3.60712 4.86081 0 5.64187 2.83996 0 0 0 0 4.98269 4.09867 6 0 0 6 0 0 0 5.36234 4.89401 0 0 0 0 0 4.57935 5.15072 6 6 5.13941 0 5.64678 5.40565 0 6 6 0 0 6 0 0 6 0 6 6 0.678794 6 0 4.86769 0 0 0.129848 2.33932 0 0.260334 0 0 0 0 1.44496 5.50063 6 0.531434 
0 0 6 0 0 0 0 0.919515 0 0 0 4.48119 0 0 4.09804 0 0 5.22149 0 0 0 0.171019 0 6 0 6 0 0 6 0 4.85471 0 0 0 0 0.304474 0 0 0.926048 4.10496 0 1.67226 5.68937 1.18832 0 2.62079 6 6 4.18205 6 0 6 2.24892 0 0 6 0 0 0 4.42974 0 0 5.45722 0 0 0.0469389 6 0 0 6 4.19348 0 0 0 2.93153 0 0 2.58729 4.65867 0 0 0 0 6 0 6 0 5.88186 0 0 2.548 4.27402 0 0 0 0 0 0.628588 4.69135 6 2.7504 5.95986 6 0 6 0 0 6 2.88551 0 0 0 0 3.45306 0 0 0 2.96631 0 0 0 0.988456 0 0 2.87222 0 3.26337 6 
5.87358 0 0 0 0 0 0 0.494991 0 0 1.28333 6 0 5.75346 0 0 6 0 0 0 5.72314 6 0 0 6 0 4.83665 6 0.908085 2.17804 6 0 6 1.46067 6 6 0 1.2383 0 3.28143 0 0 0 6 0 0 6 2.77782 6 3.70935 3.04016 0 0 0 6 3.77691 0 5.39712 6 4.02727 6 6 0 0 0 0 5.96084 3.76218 0 0 6 0 0 0.343391 0 4.11999 4.60743 0 6 0 0 4.12764 0 0 0 6 6 5.01008 4.37292 0 0 0 3.60652 0 0 5.18013 2.49708 6 0 0 0 5.93414 0 3.73953 0 3.87272 6 3.91744 0.481323 6 0 0 0 0 0 6 3.12141 1.52941 4.84369 6 0 6 0 5.28146 5.5288 2.59578 6 0 
1.34053 0 6 0.931974 3.70459 3.08895 0 0.652246 2.29438 1.69929 0 6 1.41819 0 0 0 5.93874 0 0 6 2.53697 0 2.01716 2.37507 0 0 2.11633 6 0 0 0 6 6 0 0 0 0 0 0 4.21074 6 0 2.92158 3.03651 0 2.41278 0 0 0 0 0 2.23815 0 0 5.24028 0 0 1.82424 0 0 6 0 6 0 6 1.83258 0.0958958 0 0 0 6 0 6 5.41651 0 4.49689 0 0 0 6 0.537491 0 0 1.01346 0 0 0 5.29811 5.34498 0 4.32156 0 6 0 0 0 6 0 5.67586 0 6 0 0 0 5.3471 6 0 5.29196 1.98353 0 0.840286 2.68622 6 3.47491 2.75641 6 2.74394 0 2.76883 0 0 0 0 4.51694 0 0.218651 0 0 
0 0 0 0 0 6 0 0 0 0 0 3.35736 6 0 0 0 0 3.08458 2.49835 6 1.77122 6 6 0.47034 5.01699 0.583862 0 6 2.67463 0 0.855948 5.92866 2.96961 0 6 3.55001 5.04302 0 0 6 0 5.82326 0 6 0.239152 0 0 0 0 1.75715 0 6 0 6 6 0 0 6 0 0 0 6 6 4.60145 0 0 5.72919 0 0 6 6 0 0 0 0 4.95244 0 6 6 0 0.250337 6 6 2.71462 4.58682 0 0 0 6 0 0 6 6 4.83164 5.43579 0 0 0 2.33614 3.55728 6 0 0 6 0 0 0 0 6 3.76664 5.98943 4.39705 1.17975 6 0.0904751 0.620267 4.83225 0 0 0 6 0 0 0 0.829588 2.88979 6 1.51127 
0 0.0463095 0 0 0 0 6 0 0.158545 4.66625 5.6118 0 6 6 6 4.5597 0 3.28995 0 0 0 6 0 0 0 3.57252 3.39914 6 0 0 2.67961 0 5.10399 2.78709 2.65178 6 2.76293 0 0.0837488 6 6 6 0 6 2.43805 0 0 3.10933 0 0 6 6 0 5.97428 6 2.6309 0 6 0 1.53362 0 6 5.40259 1.40959 0 6 4.20323 3.60976 6 6 0 0 4.72135 0 6 0 0 5.31194 0 1.57862 0 0 6 4.91127 3.69172 6 6 0 0 0 0 1.47549 0 0 1.6885 0 0.535046 0 4.0135 0 6 1.89149 0 0 2.81813 4.37947 5.71959 6 0 0 0.0175333 0 0 0 0 4.72934 5.95648 0 0 0.721812 0 3.3765 6 0 0 0 0 6 
0 6 6 0 0 6 6 6 5.44866 0 0.994149 6 0 0 0 0 0 0 0 3.0734 0 0 6 0 4.59801 0 0 0 3.77677 0 0 6 0 6 2.97473 0 3.10763 6 6 6 1.66537 6 3.82132 4.90693 0 6 0 0 0 0 0 3.19599 0 0 0 4.54872 0 0 0 0 6 1.6938 6 0 0 6 0 0.227566 4.70244 0 0 0 6 6 6 1.5479 0 0 6 6 0 5.08235 0 0 0 0.106635 0 0 0 4.26475 0 0 6 0 2.51159 0 5.29671 1.77822 6 5.57536 5.14427 0 6 0 0 0 0 4.22012 6 3.46373 0 0 6 0.321771 6 0 6 6 6 0 0 6 0 0 6 5.48059 0 4.68406 
4.93474 0 5.58254 5.80982 5.61522 0 0 3.08705 4.08737 0 0 0 0 0.82812 0 0.534712 6 6 0 0 0 0.741117 0 0 6 0 0.474507 0 0 0 6 6 6 6 0 0 0 0 0 0 0 0 3.19934 0 4.28192 6 5.19444 3.01111 6 6 5.60425 0 0 0 0 0 0 3.25776 0 0 0 0 0 6 0 0 0 4.79911 0 6 0 0 4.21938 0 5.85242 1.60404 0 0 5.13996 6 0 0 5.71139 0 0 3.64319 0 0 0 0 6 0 2.84017 0 1.87192 1.37776 0 0 0 5.72422 6 0.319814 0 0.199965 0.821949 0 6 5.97645 6 0 4.11287 5.05933 0 5.94352 0 6 0 4.92466 6 0 0 0 0 0 5.33642 6 0.338545 6 
4.62117 6 6 6 6 0 3.64965 0 6 6 5.43365 3.417 6 1.77535 0 0.504984 6 0 3.3364 0 0 0.464296 3.4387 0 6 0 6 5.61848 6 0 6 6 0.918001 6 2.43514 6 0 0 0 0 6 5.77843 0 0 0 0 6 3.69143 1.90448 6 6 6 0 0 0.013504 6 0.910893 6 0 0 0 1.30088 3.89911 0 0 0.189443 3.9662 0 0 0 1.10546 0 0 0 5.98786 0 0 0 0.86657 4.42278 0 0 0 0 0 0 0 0 6 5.66407 0 0 0 6 0 0 1.50833 0 6 0 0 0 0 0 0 6 5.80189 0 2.7427 0 0 6 6 0 4.94832 6 2.93213 0.277324 0.97989 6 6 0 3.27677 0 5.09489 6 0 3.68956 
0 6 1.21064 6 0 0.789403 6 0.710368 0 2.23288 6 0 1.82613 0 0 6 2.39491 0 5.69378 0 4.711 0 0 4.27853 6 0 1.37685 0.677179 1.35639 0 0 0 0 0 0 4.57491 0 0 0 0 2.27872 0 0 0 0 6 6 6 0 0 3.62567 0 0 0 4.2572 0 0 0 0 6 4.00864 0 0 5.28654 0 0 6 0 5.2733 6 0 0 0.45545 0 0 0 2.20611 0 0 5.75433 0 5.94089 6 4.07939 2.33712 0 0 1.36126 0 0 0 0 2.24476 6 0 6 2.31469 2.9318 0 0 0 0 0 0 0 0.300213 5.68069 0 3.34903 6 0 6 0 4.80192 5.80648 6 0.298134 0 0 0 0 0 0 0.742593 0.75653 0 0 0.135591 
0 0 0 0 5.09976 0 1.12015 6 0 0 0.0176039 0 2.1659 2.27738 0 0 6 0 0 3.97849 6 3.07286 5.60709 0 1.32652 0 0 0 3.84814 0 6 6 0 0 0 0.823833 6 0.0428257 0 0 0 0 4.75386 0 0 4.14206 0 1.27452 0.85711 5.44058 0 6 6 5.5496 0 5.01888 0 1.52639 0 0 6 6 0 4.62343 5.92127 0 3.17102 0 0 4.00824 6 5.47983 0 6 0 5.59757 0 2.8414 0 6 5.52664 6 0 0 6 1.71818 0 3.7803 0 5.08564 0 0 6 5.91115 6 0 0 6 0 0 0.56513 0 0 0 0 0 0 0 4.93108 0 0 0 6 0 6 2.29479 6 0 0 4.0291 0 0 0 4.26172 6 0 0 0 
2.94495 0 6 6 6 6 0 0 0 6 6 0 1.32274 0 3.49665 6 5.34778 0.080328 0 0 0 6 0 0 0 0 0 2.38424 0 0 6 0 0 0 0 0 3.11369 0 3.33629 0 3.20838 3.25758 0 1.87767 0 0 6 0 4.307 6 2.92254 0 0 6 6 0 0 0 3.36668 3.7141 2.93252 6 0 4.16675 0 1.04687 0 4.31339 0 2.57832 0 0.485274 0 0 0 0 5.98843 6 0 4.8817 6 0 3.19921 6 6 5.77446 0 6 0 0 0 0 0 0 0 0 4.55518 0 0 6 0 3.55645 0 6 4.12149 6 0 6 6 6 6 0 0.280851 0.256028 3.06813 6 6 6 6 0 3.28758 0 0 0 0 6 0 0 
0 5.80389 6 0 0 5.11096 0 0 4.70379 0 0 0 6 3.22263 2.78596 3.64904 6 2.81643 0 0 5.90841 2.62617 0 0 0 4.05382 0 0 0.64208 0 0.183773 6 0 6 0 0 0 0 0 6 0 1.13332 6 2.32419 2.59866 0 2.64044 0 0 0 0.77861 6 1.37718 6 0 6 6 6 6 4.66218 0 0 5.93075 0 0.561892 3.71124 0 0.838124 6 6 6 0 0 4.85529 2.84333 6 0 2.99564 6 0 0 0 0 0.722938 0 5.9637 0 0.0252237 3.93353 0 2.8371 3.05044 6 4.50237 0 0 0 0 0 0 4.12143 6 0 5.17345 0 0 0 0 0.548827 4.14543 0 0.653965 0 4.98201 0 0 4.44234 2.32218 6 2.741 6 5.97729 0.349357 0 2.07749 0 6 0.338956 
0 0 4.40674 4.121 1.6398 0.208021 0 2.9869 0.764005 0.625667 0 0 0 0 0 0.472281 0 0 5.28041 6 0 6 0 0 6 0 0 6 6 0 0 0 1.3132 0 1.89089 0.26725 0 5.67349 0 3.85154 0 0 0 5.48991 6 6 0 1.10577 4.75244 0 0 0 0 0 0 0 5.08505 4.50572 6 6 1.75489 0 6 5.587 0.726172 4.78466 0 0 0 6 1.55381 0 6 0 0 6 0 1.5125 0.675107 6 0 6 0 6 0 2.12724 0 0 0 0 5.90337 0 0 0 0 6 0 0 0 0 0 5.18721 1.41813 0 1.68444 0 6 0 0 0 4.77585 6 0 0 0 0 0 6 0 6 6 6 6 0 0 0 0 0 
0 0 2.47621 0 0 0 0 6 0 0 0 0 6 0 0 0 6 0 0 0 0 6 0 6 5.75847 2.64093 6 6 4.63652 5.9648 0 5.50405 6 0 6 0 0 6 0 0 0 0 0.546472 4.56591 0 0 5.74609 0 0 0.190979 6 4.53858 0 0 0 6 2.272 5.46333 2.25976 0 0 0 2.27557 5.52493 0 0 0 5.00934 0 0 1.78787 6 0 0 6 2.25841 0 6 0 0 6 0 1.8625 3.0799 3.86353 0 0 0 0 5.56244 6 1.6503 0 0 0 0 3.01811 5.4139 0 6 6 0 6 6 0 0 0 0 0 0 0 0.960917 0 0 0 0 0 0 6 0.683217 2.83794 0 3.32105 0 6 0 4.57698 5.38995 
6 0 0 6 0 1.81922 0 0 6 6 0 6 0 0 0 0 0 0 0 6 0 0 0 0 0 6 0 0 0 0 0 2.56111 4.6281 4.53746 1.06675 6 0 4.97518 0 0 6 0 0 0 3.83165 0 1.07453 0 6 6 0 0 0 6 1.08475 0 0 0 5.73365 5.43471 1.1935 0 0 0 6 2.39359 6 6 1.4744 0.285105 0 5.00956 0 0 6 6 6 0 6 0 0 6 6 0 0 2.21365 4.81598 2.15955 0 3.67419 0 4.2658 0 3.29901 6 5.76626 0 2.42585 0 1.81849 3.35323 0 0 2.32285 0.184252 0 0 2.20467 0 2.59814 6 4.72087 3.64272 3.24152 0.29284 1.76093 0 0 0 4.49648 0 0 0 4.6491 0 0 6 6 
0 4.4342 5.58549 0 0 3.04042 0.397638 3.09645 1.98171 6 0 6 6 6 6 5.38353 0.925879 1.24599 1.39698 0 0.796175 1.31649 6 0 0 0 0.867167 0 0 0 0 6 0 0 0 0 0 0 0 0 0 0 4.95301 5.27234 0 0 6 6 0 5.72104 0 6 0 6 0 0 6 0 4.64282 0 0 6 6 0 0 4.93101 0 6 6 5.27339 6 0 0 6 0.796508 6 0.542493 0 0.536949 4.50555 4.72253 0 0 6 5.90653 0 2.34833 6 2.93175 0 0 6 0 0 1.13178 1.80633 0 0 3.60234 4.51718 0.260769 2.74949 0 0 0 5.53522 0 0 0 6 0 5.85473 0.447871 6 0 0 0 0 6 6 0 3.05237 1.15418 0 0.782928 0 0 0 
3.72645 0 3.25777 0 6 6 2.77971 0 1.23519 0 0.465622 5.70644 6 6 0 6 0 2.00594 0 0 0 6 2.6954 1.6572 0 6 0 4.43591 0 6 6 0 6 2.42495 0 0 0 2.25096 0 0 0 0 0 0 0 0 6 6 5.54737 0 0 3.8772 4.03038 0 3.27826 0 6 0 2.72868 0.957099 5.96914 3.43344 5.9015 6 6 3.15517 6 6 0 0 0 6 0 0 0 0 0 6 0.71124 0 6 0 0 0 0 6 1.03423 2.2355 0 6 0 0 6 0 0 0 1.86015 3.45531 0 0 0 0 6 0.552335 3.09223 0 3.93178 1.42987 0 0 5.8054 0 0.577585 6 0 0 6 0 0 6 0 0 0 0.540537 4.8071 0 0 1.83953 
0 6 5.9904 0.682627 0 0 6 0 6 6 0 0 0 0 3.11761 0 0.5515 6 0.664569 6 0 0 6 3.73492 0 6 0 0 5.17467 0 0 0 6 0 0 0 1.92459 6 3.62751 6 0 0 0 6 4.05894 0 0 6 6 2.97819 0 6 0 0 0 3.76423 5.41065 0 0 2.1328 5.89656 3.51426 4.14253 3.51187 3.9488 6 0 6 0 2.9005 6 0 0 6 0 0 3.64371 0 1.79384 6 0 0 0 0 0 6 3.30126 4.33634 0.925016 6 0 6 0 0 2.61513 0 6 6 6 3.97083 0 1.76634 6 0 0 0 1.66008 0.913354 0 6 0 0 5.83492 6 0 6 0.530519 0 0 6 0 0 0 0 2.31131 6 0 0 
0 6 0.814764 0 6 2.08815 0 0 0 0 0 0 6 0 0 0 6 0 0 6 0 0 4.3168 0 6 6 0 0 0 6 2.011 0 6 6 0 0 0 1.87586 6 6 0 0 0 0 6 3.79136 1.43346 0 0 6 0 3.52445 0 0 0 6 0 0 0 0 3.418 6 3.01548 1.25064 0 0 0 0 6 0 5.69439 5.66881 0 3.37437 0 0 4.0854 3.36976 0 4.35504 0 6 0 0 0 0 1.35057 0 6 0 3.29535 4.99733 0 0 0 6 0.800081 6 6 0 1.95346 0 6 0 0 0.717349 0 0 2.2273 0 2.49717 6 0.856275 0 0 0 0 6 0 6 6 1.55516 0 6 0 6 0.0250778 1.4964 
6 6 0 5.04436 0.611743 1.55772 0.67113 0 0 0 0 1.51265 3.16452 6 0 0 0 0 0.864843 0 3.1228 4.84933 2.72951 0 0 0 3.85924 2.24261 0 0 0 0.0550671 5.52772 4.4505 0 0 0 0.0627041 0 6 6 6 6 0 5.82407 5.16363 5.18706 0 2.11395 6 6 0 0 0 0 0 4.13268 0 6 3.61514 0 3.8535 5.74692 6 0 0 0 0 5.0322 0 0 0 6 0 0 0 6 0 2.15568 0 0 6 0.509118 0 6 0 6 0 0 0 6 0 2.57879 1.72272 0 3.13311 0 2.1618 0 5.2969 5.04369 6 0 0 0 6 0.682051 3.2332 0.397586 2.21316 0 6 0 0 0 0 0 0 0 0 0.0652285 0 0 6 4.30602 0 6 6 
0 0 6 4.44481 3.99415 6 6 0 0 1.67451 3.52579 0 0 0 0.160676 0.477208 0.438251 5.68357 3.80449 2.10123 0 5.66922 2.62428 6 6 0 0 1.15701 5.9165 0 0 6 6 0 5.79769 1.78228 0 4.82208 4.76419 0 0.120804 0 6 0 3.86294 4.38883 3.16235 6 0.681992 2.23581 0 6 6 0 0 4.32926 1.90926 6 0 6 0 0.977818 0 3.14833 0 0 3.24917 6 0 2.99011 0 0 0 6 0 6 0 3.10569 0 0 6 0 2.00103 0 6 0 3.48592 6 5.04429 0 0 6 0 0 6 2.56135 6 6 6 0 0 6 0 0 6 0.00699234 0 0 6 2.71457 3.7231 0 6 0 0 6 0.16223 6 2.09985 0 2.14652 0 6 2.04571 2.3101 5.84395 0 1.59925 
0 6 0.499721 0 0 0 4.98197 0 0 0 0 4.6348 0 4.44461 0.519868 0 0.300714 0 0 1.31252 0 0 0 6 0 1.16132 0 0 0 0 0 6 0 0 0 5.94735 0 1.78827 0 4.36056 6 0.680514 0 4.14328 0 6 6 0 3.29398 1.96699 0 4.62458 5.36416 0 0 0 0 0 0 0 1.9378 6 4.84568 1.30237 6 6 6 0 6 0 2.26652 0 0 0 0.394392 6 0 3.70923 0.967268 0 6 0 0.614639 0 0 1.28821 0 1.26685 0 0 6 0 0 2.0328 5.33497 4.82058 0 6 0 0 0 4.9334 0 1.76395 6 0.174086 5.87461 0 2.50541 6 0.0192184 3.00936 0 6 6 2.12877 0 0 6 0 0 0.897017 0 0 6 4.85924 6 0 
0 0 0 0 0 2.77562 6 0 6 6 6 6 6 0 0 0 0 0 0.00444412 0 0.627453 5.60314 0 0 0 6 0 6 6 0 0 0 0.985233 0 0 0 5.86952 6 3.52004 1.37546 0 3.12648 6 6 3.59527 5.78302 0 4.18225 0 0 0 6 6 0 6 0.665764 6 0 5.57618 0 0 3.32291 6 0 1.00617 0 0 0 0 6 3.22102 0 0.201861 0 0 0 6 6 1.73015 0 6 0 6 0 0 6 0 0.133715 6 0 0 6 6 2.40982 1.90788 5.76397 0 0 6 4.007 5.628 6 0 0 2.81367 6 0 0 0 0 0 0 0 6 0.443152 6 3.24016 0 0 0 1.78528 5.20851 0 0 6 0 0.902549 6 
0.365662 5.6797 0 3.40146 6 5.4966 1.37292 0 5.14906 0.193525 0 0 6 0 2.47086 6 0 6 3.58592 6 0 1.37634 0 0 0.881412 0 6 3.6031 0 0.485322 0 0 4.39119 2.76018 0 0 0.924279 0 0.632497 0 0 0 0.42399 6 0 0 5.46251 6 0.294005 1.35018 0 0.816762 6 0 2.82156 2.01723 3.65264 6 0 0 0 0 0 0 0 6 0 4.74595 5.1813 2.14079 0.345289 3.2845 2.6362 6 0.354272 0 0 3.45374 6 0 6 0 3.5247 0 6 0 0 6 0 6 0 0.87866 6 6 6 6 2.64169 0 6 0 5.60258 2.60744 3.32884 6 6 6 6 0.274815 0 0 3.96467 0 6 0 0 1.82999 0 0 0 0 4.75648 2.09904 0 0 5.45768 6 0 0 
1.98725 0 0 1.81233 0 2.02344 6 1.96183 0 6 0 0 0 6 0 0 0 0 0 6 6 6 0 0.798698 3.73682 4.75838 0 4.59773 0 0 4.76617 5.07676 5.14172 0 0 6 0 5.45505 3.04696 0 6 0 0 0 3.80774 0 4.69242 5.57193 6 0 0 0 0 0 0 6 6 0.170937 0 0 6 5.63056 0 0 3.6548 6 2.62501 0 0 5.97985 3.38187 0 2.38105 0 0 5.52906 6 5.35418 6 0 6 0 0 0 0 4.1687 3.34991 1.87355 6 4.89674 0 0 6 6 6 0 0 0 6 0 0 6 6 6 1.52398 0 0 1.91475 1.27382 6 0.499479 0 6 0 4.07092 0 0 0 0 6 3.79404 6 0 6 6 0 1.11317 6 
6 2.90826 0 1.02486 4.81795 0 0.549094 6 0 0.261455 0 6 6 0 2.37921 6 0 0 5.73194 0 0 3.77631 6 0 0 4.14058 0 6 0 0 6 0 0 2.08334 0 1.8574 0 3.87403 0 0.122144 0 0.959395 4.55424 3.14428 5.92467 0 5.51095 2.59805 5.46486 6 0.424683 0 0 2.69841 0 4.22119 5.60775 6 0 0.580326 0 0 0 5.527 0 0 0 2.03135 0.820745 0 6 0 6 0 0 4.13534 2.65488 0.593715 0 0 6 5.69803 6 6 5.64945 0 0.878366 2.69837 0 0 0 3.0923 0 0 1.82404 0 0 2.34582 6 2.42746 0 0 0 0 6 0 6 6 0 6 6 2.18612 2.06671 0 4.96846 4.84296 0 0 0 6 6 0 6 1.75957 0 0 0.465654 6 
0 0 6 0 0 0 6 0 6 0 1.06479 0 0 6 0 0 0 0 2.9324 4.8894 0 6 6 0 0 0 0.0725403 0 5.90715 1.46382 2.50834 0 0 0 0 6 4.02496 6 6 6 3.24841 0 6 0 0 4.1219 0 0 0 6 6 1.26143 0.925646 0 0 6 0 0 0 0 0 0 0 0 6 6 6 0 6 6 6 0 1.45121 0 0 0 0 5.08012 1.64137 6 0 6 0.245282 2.47544 4.71766 6 3.12709 0 0 0 0 0 0 5.42564 6 0 4.00043 0 6 1.08027 0 0.856022 6 0 0.361014 6 6 0 6 6 6 0 0.801291 6 0 0 1.01327 0 0 6 3.0884 6 0 0 6 4.16022 0.892142 0 
6 6 1.14328 0 6 0.664362 5.92915 0 0.148386 0 4.13445 6 0 0 0 3.00009 2.49256 0 0 0 3.50708 3.48746 0 6 0 1.34749 6 0 0 6 0 6 0 0 0 0 6 0.737201 0 0 1.64152 6 0 0 0 6 0 6 0 0 0 0 6 1.28736 0 0 0 6 0 6 5.45587 0 0 0 0.245051 0 0.452594 6 0 6 6 0 5.2436 6 0 0 1.48659 5.05673 6 4.45318 4.53054 4.79962 6 0 1.17235 3.61238 0 2.36491 6 0 2.5957 5.99883 2.34601 6 2.62343 0 0 0.305415 0 0 0 4.59568 0 4.59681 0 2.71829 6 6 0 1.91448 0 4.29735 5.51167 0 5.22767 1.49174 0 6 6 2.69809 6 3.71732 0 0 0 6 2.89517 0 
0 0 6 6 5.10446 0 0 0 2.67611 0 4.0509 3.45395 0 2.98474 4.45607 0 6 0 0 6 6 4.85508 0 5.71132 0 1.87153 0 1.88844 0 0 6 4.83627 3.13176 0 0 6 6 0 0.798089 0 0.20899 0 0 0 0 6 6 1.24797 0 6 4.71599 1.66808 0 6 6 6 2.25634 2.3887 6 0 6 0 0 0 0.316748 3.57252 3.35766 0 0 6 0 0 0 4.80409 2.38083 0 0 3.71845 0 4.33899 5.48946 1.33285 1.16417 6 0 1.96473 1.2461 3.21395 0 2.12778 1.53112 0 0 0.20378 4.9257 6 0 6 4.05367 6 0 6 0 0 0 0 0 0 0 0 4.81532 0 0 2.86098 4.40685 5.90557 0 0 0 4.57237 6 6 0 6 4.88878 5.68168 0 0 
0.769002 4.62233 6 3.39906 6 0 0 6 6 0 0 0 0 0.328616 3.03865 0 6 2.29537 0 4.79887 0 6 0 0 6 0 0 0 0 6 0 0.37119 0 0 4.85387 0 6 0 6 6 6 4.1063 0 2.91577 5.34135 0 0 4.58512 2.03663 6 1.69975 6 6 0 0 4.1627 2.58478 2.32819 6 6 0 0 3.61211 6 0 6 0 6 2.72626 0.280484 0 0 6 0 0 0 0 6 0 4.78218 0 4.59525 0 0 0 0 0 0 0 0.551595 0 4.48283 2.99419 3.35703 1.69292 0 0 0 0 6 5.28378 4.46702 0 0.172423 0 0 6 5.56848 6 0 3.2664 0 0 0 6 5.46824 4.79587 4.10281 0 6 0 6 5.26393 0 0 2.82064 6 0 

